2,2,2,3,3,3,3,3
2,1,1,2,0,0,2,1.693
2,1,1,2,0,0,2,1.6957
2,1,1,0,0,0,2,1.6913
2,1,1,0,0,0,2,1.6905
2,2,1,0,0,2,2,1.6873
2,2,1,0,0,0,2,1.6935
2,2,1,0,0,0,2,1.6935
2,2,1,0,0,0,2,1.6935
2,2,1,0,0,0,2,1.691
2,2,1,0,1,2,2,1.6769
2,2,1,0,1,2,2,1.674
2,2,1,0,1,2,2,1.6722
2,2,1,0,0,0,2,1.6885
2,2,1,0,0,0,2,1.6885
2,2,1,0,0,0,2,1.6885
2,2,1,0,0,0,2,1.686
2,2,1,0,0,0,2,1.6812
2,2,1,0,0,0,2,1.6831
2,2,1,0,1,2,2,1.666
2,2,1,0,1,2,2,1.6569
2,2,1,0,1,2,2,1.6569
2,2,1,1,1,2,2,1.6569
2,2,1,1,1,2,2,1.6492
2,2,1,1,1,0,1,1.6521
2,2,1,1,1,2,1,1.6481
2,2,1,0,0,0,0,1.6599
2,2,1,0,0,0,0,1.651
2,2,1,0,0,0,0,1.651
2,2,1,0,0,0,0,1.651
2,2,1,0,1,2,0,1.6336
2,2,1,0,1,0,1,1.635
2,2,1,0,0,0,1,1.6502
1,1,1,0,2,0,1,1.665
1,1,1,0,2,1,1,1.6695
1,1,1,0,2,1,1,1.6695
1,1,1,0,2,1,1,1.6695
1,1,1,0,0,0,1,1.6604
1,1,1,0,0,0,1,1.6677
1,1,1,0,0,0,1,1.6685
1,1,1,0,0,0,1,1.6685
1,1,1,0,2,1,1,1.6783
1,1,1,0,2,1,1,1.6783
1,1,1,0,0,1,1,1.6783
1,1,1,0,0,0,2,1.6702
1,2,1,0,0,0,2,1.6564
2,2,1,0,1,0,2,1.6517
2,2,1,0,1,2,2,1.6517
2,2,1,0,1,2,2,1.6445
2,2,1,0,1,2,2,1.6445
2,2,1,0,1,2,2,1.6445
2,2,1,0,1,2,2,1.6321
2,2,1,0,1,2,0,1.6225
2,2,1,1,1,0,1,1.6256
2,2,1,1,1,2,1,1.6146
2,2,1,1,1,2,1,1.6128
2,2,1,1,1,2,1,1.6128
2,2,1,1,0,2,1,1.6128
2,2,1,1,0,0,1,1.6224
2,2,2,0,0,0,1,1.6337
2,2,2,0,0,0,1,1.6289
1,2,2,1,0,0,1,1.6307
1,1,2,1,0,0,1,1.633
1,1,2,1,0,0,1,1.633
1,1,2,0,0,0,1,1.633
1,1,2,0,2,1,1,1.6377
1,1,2,0,0,0,1,1.6268
1,1,2,0,0,0,1,1.6334
1,1,2,0,2,1,1,1.6495
1,1,2,0,2,1,1,1.6723
1,1,2,0,2,1,1,1.6723
1,1,2,0,2,1,1,1.6723
1,1,2,0,0,0,1,1.6564
1,1,2,0,0,0,1,1.6434
1,1,2,0,0,0,1,1.6411
1,1,2,0,0,0,1,1.6394
2,2,1,0,0,0,1,1.6341
2,1,1,0,0,0,1,1.6341
2,1,1,0,0,0,1,1.6341
2,2,1,0,0,0,1,1.6388
2,2,1,0,0,0,1,1.6457
1,2,1,0,0,0,1,1.6566
1,2,1,0,0,0,1,1.6526
1,2,1,0,0,0,1,1.6406
2,2,1,0,0,0,1,1.6406
2,2,1,0,0,0,1,1.6406
2,2,1,0,1,2,1,1.629
2,2,1,0,1,2,1,1.6255
2,2,1,0,0,0,1,1.6314
2,1,1,0,0,0,1,1.6392
2,1,1,0,0,0,1,1.6412
2,2,1,0,0,0,1,1.6412
1,2,1,0,0,0,1,1.6412
1,2,1,0,0,0,1,1.639
2,2,1,0,0,0,1,1.6331
2,2,1,0,0,0,1,1.6369
2,2,1,0,0,0,1,1.6364
2,1,1,0,0,0,1,1.638
1,1,1,0,0,0,1,1.638
1,1,1,0,0,0,1,1.638
1,1,1,0,2,1,1,1.6453
1,1,2,0,2,1,1,1.6503
1,1,2,0,0,0,1,1.6431
1,1,2,0,0,0,1,1.6439
1,1,2,0,0,0,1,1.643
1,1,2,0,0,0,1,1.643
1,1,2,0,0,0,1,1.643
1,1,2,0,0,0,1,1.6468
1,1,1,0,2,0,1,1.65
1,1,1,0,0,0,1,1.6483
2,2,1,0,1,2,1,1.6338
2,2,1,0,0,0,1,1.6382
2,2,2,0,0,0,1,1.6382
2,2,2,0,0,0,1,1.6382
2,2,2,0,0,0,1,1.6392
2,2,2,0,0,0,1,1.6411
1,1,1,0,2,0,1,1.6486
1,1,1,0,2,1,1,1.6571
1,1,1,2,2,1,1,1.6718
1,1,1,2,2,1,1,1.6718
1,1,1,0,2,1,1,1.6718
1,1,1,0,2,0,2,1.6682
1,1,1,2,2,1,2,1.6756
1,1,1,0,0,0,2,1.6702
1,1,1,0,0,0,2,1.6671
1,1,1,0,0,0,2,1.6675
1,1,1,0,0,0,2,1.6675
1,1,1,0,0,0,2,1.6675
1,1,1,0,0,1,2,1.6773
1,1,1,0,0,0,2,1.6733
1,1,1,2,0,0,2,1.6745
1,1,1,2,2,1,2,1.6862
1,1,1,2,2,0,2,1.6827
1,1,1,2,2,0,2,1.6827
1,1,1,2,2,0,2,1.6827
1,1,1,2,0,0,2,1.6766
2,1,1,0,0,0,2,1.6729
2,1,1,0,0,0,2,1.6697
2,2,1,0,1,2,2,1.6642
2,2,1,0,1,2,2,1.6588
2,2,1,0,1,2,2,1.6588
2,2,1,0,1,2,2,1.6588
2,2,1,0,0,0,2,1.666
2,2,1,0,0,0,2,1.6673
2,2,1,0,0,0,2,1.6757
2,2,1,0,0,0,2,1.6699
2,2,1,0,0,0,2,1.673
2,1,1,0,0,0,2,1.673
2,1,1,0,0,0,2,1.673
2,1,1,0,0,0,2,1.667
1,1,1,0,2,1,2,1.6848
1,1,1,0,2,1,2,1.6852
1,1,1,0,2,1,2,1.691
1,1,1,0,0,0,2,1.6845
1,1,1,0,0,0,2,1.6845
1,1,1,0,0,0,2,1.6845
1,1,1,0,0,0,2,1.6765
2,1,1,0,0,0,2,1.6736
2,2,1,0,0,0,2,1.672
2,2,1,0,1,2,2,1.6646
2,1,1,0,0,0,2,1.6682
2,2,1,0,0,0,2,1.6682
2,2,1,0,0,0,2,1.6682
2,2,1,0,0,0,2,1.6725
2,2,1,0,0,0,2,1.667
2,2,1,0,0,0,2,1.6716
2,2,1,0,0,0,2,1.6718
2,2,1,0,1,2,2,1.6643
2,2,1,0,1,2,2,1.6643
2,2,1,0,0,2,2,1.6643
2,1,1,0,0,0,2,1.667
2,2,1,0,1,2,2,1.6619
2,2,1,1,1,2,2,1.6604
2,2,1,1,1,2,2,1.6488
2,2,1,1,1,2,2,1.6385
2,2,1,1,1,2,2,1.6385
2,2,1,1,1,2,2,1.6385
2,2,1,1,1,2,2,1.6294
2,2,2,1,1,0,1,1.6327
2,2,2,1,0,0,1,1.6322
2,2,2,1,0,0,1,1.6309
2,2,2,1,1,2,1,1.625
2,2,2,1,0,2,1,1.625
2,2,2,1,0,2,1,1.625
2,2,2,1,0,2,1,1.6248
2,2,2,1,0,2,1,1.622
2,2,2,1,0,0,1,1.6319
1,2,2,1,0,0,1,1.6294
1,2,2,1,0,0,1,1.6278
1,2,2,1,0,0,1,1.6278
1,2,2,1,0,0,1,1.6278
1,2,2,1,0,0,1,1.629
1,1,2,0,2,1,1,1.6356
1,1,2,0,0,0,1,1.6299
1,1,2,0,0,0,1,1.6288
1,1,2,0,0,0,1,1.6305
1,1,2,0,0,0,1,1.6305
1,2,2,0,0,0,1,1.6305
1,1,2,0,2,1,0,1.6391
1,1,2,0,2,0,0,1.6384
1,1,2,0,2,1,0,1.6407
1,1,2,0,0,0,0,1.6353
1,1,2,0,0,0,0,1.6341
1,2,2,0,0,0,0,1.6341
1,1,2,0,0,0,0,1.6341
1,1,2,0,0,0,0,1.6331
1,1,2,0,0,0,0,1.6368
1,2,2,0,0,0,0,1.629
1,2,2,0,1,2,0,1.6287
1,2,2,0,0,0,0,1.6338
1,2,2,0,0,0,0,1.6338
1,2,2,0,0,0,0,1.6338
1,1,2,0,0,0,0,1.6369
1,1,2,0,2,1,0,1.651
1,1,2,2,2,1,0,1.6709
1,1,2,2,2,1,0,1.6716
1,1,2,2,2,1,0,1.6736
1,1,2,2,2,1,0,1.6736
1,1,2,2,2,1,0,1.6736
1,1,2,2,0,1,0,1.6754
1,1,2,0,0,0,0,1.666
1,1,2,2,0,0,2,1.6692
1,1,1,2,0,0,2,1.6709
1,1,1,0,0,0,2,1.6639
1,1,1,0,0,0,2,1.6639
2,2,1,0,0,0,2,1.6639
2,2,1,2,0,0,2,1.671
2,2,1,2,0,0,2,1.6675
2,2,1,0,1,2,2,1.6604
2,2,1,0,1,2,2,1.6576
2,2,1,0,1,2,2,1.6485
2,2,1,0,1,2,2,1.6485
2,2,1,0,1,2,2,1.6485
2,2,1,0,1,2,2,1.64
2,2,1,1,1,2,2,1.6367
2,2,1,1,1,0,1,1.6384
2,2,1,1,1,2,1,1.6332
2,2,1,1,1,0,1,1.6339
2,2,1,1,0,0,1,1.6339
2,2,1,1,0,0,1,1.6339
2,2,1,0,0,0,1,1.6416
2,2,2,1,0,0,1,1.634
2,2,2,1,0,0,1,1.6358
2,2,2,0,0,0,1,1.6398
2,1,2,0,0,0,1,1.6445
1,1,2,0,0,0,1,1.6445
1,1,2,0,0,0,1,1.6445
1,1,2,0,2,1,1,1.6467
1,1,2,0,0,0,1,1.6432
1,1,2,0,0,0,1,1.6443
1,1,2,0,2,1,1,1.6515
1,1,2,0,2,1,1,1.659
1,1,2,0,2,1,1,1.659
1,1,2,0,2,1,1,1.659
1,1,2,0,0,0,1,1.6553
1,1,2,0,0,0,1,1.6492
1,2,2,0,0,0,1,1.6431
2,2,2,0,1,2,1,1.6365
2,2,2,0,1,2,1,1.634
2,2,2,0,1,2,1,1.634
2,2,2,0,1,2,1,1.634
2,2,2,0,1,2,1,1.625
2,2,2,0,0,0,1,1.6383
2,2,2,0,0,0,1,1.6366
2,2,2,0,0,0,1,1.634
2,2,2,0,0,0,1,1.6296
2,2,2,0,0,0,1,1.6296
2,2,2,0,0,0,1,1.6296
2,2,2,0,0,0,1,1.6338
2,2,2,0,0,0,1,1.6303
2,2,2,0,1,0,1,1.6262
2,2,2,1,1,2,1,1.6245
2,2,2,1,1,2,1,1.6167
2,2,2,1,1,2,1,1.6167
2,2,2,1,1,2,1,1.6167
2,2,2,1,1,2,1,1.615
2,2,2,0,0,0,1,1.618
2,2,2,0,0,0,1,1.6225
1,1,2,0,0,0,1,1.6313
1,1,2,0,2,1,1,1.6375
1,1,2,0,2,1,1,1.6375
1,1,2,0,2,1,1,1.6375
1,1,2,0,2,1,1,1.6415
1,1,2,0,0,0,2,1.639
1,1,2,0,0,0,2,1.639
1,1,2,0,2,1,2,1.6542
1,1,2,2,2,1,2,1.6806
1,1,2,2,2,1,2,1.6806
1,1,2,2,2,1,2,1.6806
1,1,2,2,2,1,2,1.6821
1,1,2,2,0,0,2,1.675
1,1,2,2,0,0,2,1.6695
1,1,2,2,0,0,2,1.675
1,1,2,2,0,0,2,1.6721
1,1,1,2,0,0,2,1.6721
1,1,1,2,0,0,2,1.6721
1,1,1,2,0,0,2,1.6663
2,2,1,0,0,0,2,1.6566
2,2,1,0,0,0,2,1.669
1,1,1,2,2,1,2,1.69
2,2,1,0,0,0,2,1.6735
2,2,1,0,0,0,2,1.6735
2,1,1,0,0,0,2,1.6735
2,1,1,0,0,0,2,1.68
2,1,1,0,0,0,2,1.6768
2,1,1,0,2,0,2,1.6809
2,1,1,0,0,0,2,1.6821
2,1,1,0,0,0,2,1.6819
2,1,1,0,0,0,2,1.6819
2,1,1,0,0,0,2,1.6819
2,2,1,0,0,0,2,1.6817
2,1,1,0,0,0,2,1.6797
2,1,1,0,2,0,2,1.687
1,1,1,0,2,1,2,1.694
1,1,1,0,2,1,2,1.6967
1,1,1,0,2,1,2,1.6967
1,1,1,0,2,1,2,1.6967
1,1,1,2,2,1,2,1.7099
1,1,1,2,2,1,2,1.71
1,1,1,0,0,0,2,1.7018
1,1,1,2,0,0,2,1.7028
1,1,1,2,0,0,2,1.6991
2,1,1,2,0,0,2,1.6991
2,1,1,0,0,0,2,1.6991
2,2,1,0,0,0,2,1.6859
2,2,1,0,1,0,2,1.6826
2,1,1,0,0,0,2,1.7001
2,1,1,0,2,1,2,1.712
2,1,1,0,2,0,2,1.7101
1,1,1,0,0,0,2,1.7101
1,1,1,0,0,0,2,1.7101
2,2,1,0,0,0,2,1.6943
2,1,1,0,0,0,2,1.7073
2,1,1,0,0,0,2,1.7068
2,1,1,0,0,0,2,1.7106
2,1,1,0,0,0,2,1.7027
2,1,1,0,0,0,2,1.7027
2,1,1,0,0,0,2,1.7027
2,2,1,0,0,0,2,1.6997
2,2,1,0,0,0,2,1.7087
2,2,1,0,1,2,2,1.694
2,2,1,0,1,0,2,1.696
2,2,1,0,1,2,2,1.6887
2,2,1,0,1,2,2,1.6887
2,2,1,0,1,2,2,1.6887
2,2,1,0,1,2,2,1.6655
2,2,1,0,1,0,2,1.6763
2,2,1,0,1,0,2,1.6707
2,2,1,0,0,0,2,1.6753
2,2,1,0,0,0,2,1.6769
2,2,1,0,0,0,2,1.6769
2,2,1,0,0,0,2,1.6769
2,2,1,1,1,2,2,1.6624
2,2,1,1,1,2,2,1.6594
2,2,1,1,1,2,2,1.6577
2,2,1,0,0,0,2,1.6636
2,2,1,0,0,0,2,1.6589
2,2,1,0,0,0,2,1.6589
2,2,1,0,0,0,2,1.6589
2,2,1,1,0,0,2,1.6623
2,2,1,0,0,2,2,1.657
2,2,1,0,0,0,2,1.6617
1,2,1,0,0,0,2,1.6618
1,1,1,0,0,0,2,1.6625
1,1,1,0,0,0,2,1.6625
1,1,1,0,0,0,2,1.6625
1,1,1,0,2,1,2,1.6745
1,1,1,0,2,1,2,1.676
1,1,1,0,0,0,2,1.6673
1,1,1,0,0,0,2,1.663
1,2,1,0,1,2,0,1.656
1,2,1,0,1,2,0,1.656
1,2,1,0,1,2,0,1.656
2,2,1,0,1,2,0,1.6535
1,2,1,0,0,0,0,1.6605
1,2,1,0,0,0,1,1.6582
1,2,1,0,0,0,1,1.6606
1,2,1,0,1,0,1,1.6537
1,2,1,0,0,0,1,1.6537
1,2,1,0,0,0,1,1.6537
2,2,1,0,1,2,1,1.6489
2,2,1,0,0,0,1,1.6531
1,1,1,0,2,1,1,1.6673
1,1,1,0,2,0,1,1.6669
1,1,1,0,2,0,1,1.665
1,1,1,0,0,0,1,1.665
1,1,2,0,0,0,1,1.665
1,2,2,0,0,0,1,1.6523
1,1,2,0,0,0,1,1.6551
1,1,2,0,0,0,1,1.6571
1,1,2,0,2,1,1,1.6699
1,1,2,0,2,1,1,1.6885
1,1,1,0,2,1,1,1.6885
1,1,1,0,2,1,1,1.6885
1,1,1,0,2,1,1,1.6901
1,1,1,0,0,0,2,1.685
1,1,1,0,0,0,2,1.6751
1,1,1,0,0,0,2,1.6757
1,1,1,0,0,0,2,1.6815
1,1,1,0,0,0,0,1.6815
1,1,1,0,0,0,0,1.6815
1,1,1,0,0,0,0,1.6831
1,2,1,0,0,0,0,1.681
2,2,1,0,0,0,0,1.6742
2,2,1,0,1,0,0,1.6725
2,2,1,0,1,2,0,1.6725
2,2,1,0,0,2,0,1.6725
2,2,1,0,0,2,0,1.6725
2,1,1,0,0,0,0,1.6773
2,2,1,0,0,0,0,1.681
2,2,1,0,1,2,0,1.665
2,2,1,1,1,2,0,1.6577
2,2,1,1,1,2,0,1.6577
2,2,1,1,1,2,0,1.6577
2,2,1,1,1,2,0,1.6577
2,2,1,1,0,2,0,1.6577
2,2,1,0,1,2,0,1.6543
2,2,1,1,1,2,0,1.6395
2,2,1,1,0,0,0,1.6505
2,2,1,1,1,0,0,1.64
2,2,2,1,1,0,0,1.64
2,2,2,1,1,0,0,1.64
2,2,2,1,1,2,0,1.6307
2,2,2,1,1,0,1,1.6337
2,2,2,0,0,0,1,1.6503
2,2,2,0,0,0,1,1.6551
1,2,2,0,0,0,1,1.6502
1,2,2,0,0,0,1,1.6502
1,1,2,0,0,0,1,1.6502
1,1,2,0,0,0,1,1.6522
1,1,2,0,0,1,1,1.6553
1,1,2,0,0,0,1,1.6463
1,1,2,0,0,0,1,1.652
1,1,2,0,0,1,1,1.6565
1,1,2,0,0,1,1,1.6565
1,1,2,0,0,1,1,1.6565
1,1,2,0,2,1,1,1.6598
1,1,2,0,0,0,1,1.6555
1,2,2,0,1,0,1,1.6473
1,2,2,0,0,0,1,1.648
1,2,2,0,1,2,1,1.6445
2,2,2,0,1,2,1,1.6445
2,2,2,0,1,2,1,1.6445
2,2,2,0,1,2,1,1.6418
2,2,2,0,1,2,1,1.6402
2,2,2,0,1,2,1,1.636
2,2,2,0,0,0,1,1.6435
2,2,2,0,1,2,1,1.6326
2,2,2,0,1,2,1,1.6326
2,2,2,0,1,2,1,1.6326
2,2,2,0,0,0,1,1.6374
2,2,2,0,0,0,1,1.637
2,2,2,0,1,2,1,1.626
2,2,2,1,1,2,0,1.622
2,2,2,0,0,0,0,1.635
2,2,2,0,0,0,0,1.635
1,2,2,0,0,0,0,1.635
2,2,2,0,1,0,0,1.6269
1,1,2,0,0,0,0,1.6342
1,1,2,0,0,0,0,1.6343
1,1,2,0,0,0,0,1.6343
1,2,2,0,1,2,0,1.622
2,2,2,0,1,2,0,1.622
2,2,2,0,1,2,0,1.622
2,1,2,0,0,0,0,1.6258
2,2,2,0,1,2,0,1.6143
2,2,2,1,1,2,0,1.599
2,2,2,0,1,0,1,1.6035
2,2,2,0,1,0,1,1.6031
2,2,2,0,1,0,1,1.6031
2,2,2,0,0,0,1,1.6031
2,2,2,0,0,0,1,1.6082
2,2,2,0,0,0,1,1.616
1,2,2,0,0,0,1,1.6115
1,2,2,0,0,0,1,1.6097
1,2,2,0,0,0,1,1.605
1,2,2,0,0,0,1,1.605
1,1,2,0,0,0,1,1.605
1,1,2,0,0,0,1,1.609
1,1,2,0,2,1,1,1.6174
1,1,2,0,2,1,1,1.6262
1,1,2,0,2,1,1,1.636
1,1,2,0,2,0,2,1.632
1,1,2,0,2,0,2,1.632
1,1,2,0,2,0,2,1.632
1,1,2,0,0,0,2,1.6215
1,1,2,0,0,0,2,1.6293
1,1,2,0,0,0,2,1.6309
1,1,2,0,0,0,2,1.6285
1,1,2,0,0,0,0,1.6277
1,1,2,0,0,0,0,1.6277
1,1,2,0,0,0,0,1.6277
1,2,2,0,0,0,0,1.6276
1,1,2,0,2,1,0,1.637
1,1,2,0,0,0,0,1.634
1,2,2,0,1,0,0,1.6231
2,1,2,0,1,0,0,1.6235
2,2,2,0,0,0,0,1.6235
2,2,2,0,0,0,0,1.6235
2,2,2,0,1,2,0,1.615
2,2,2,0,1,2,0,1.6114
2,2,2,0,1,2,1,1.6113
2,2,2,1,1,2,1,1.6022
2,2,2,1,1,0,1,1.6037
2,2,2,1,1,0,1,1.6037
2,2,2,0,0,0,1,1.6037
2,2,2,1,1,2,0,1.5997
2,2,2,1,1,2,1,1.591
2,2,2,1,0,0,1,1.596
2,2,2,0,0,0,1,1.6055
2,2,2,0,0,0,1,1.6075
2,2,2,0,0,0,1,1.6075
1,2,2,0,0,0,1,1.6075
1,1,2,0,0,0,1,1.6119
1,1,2,0,2,1,1,1.616
1,1,2,0,0,0,1,1.611
1,1,2,0,0,0,1,1.6089
1,1,2,0,2,0,1,1.6134
1,1,2,0,0,0,1,1.6134
1,1,2,0,0,0,1,1.6134
1,1,2,0,0,0,1,1.6115
1,1,2,0,0,0,1,1.6088
1,2,2,0,0,0,1,1.6055
1,1,2,0,2,0,1,1.6158
1,1,2,0,0,0,1,1.615
1,2,2,0,0,0,1,1.615
1,1,2,0,0,0,1,1.615
1,1,2,0,0,0,1,1.6127
1,1,2,0,2,1,0,1.617
1,1,2,0,0,0,0,1.6136
1,2,2,0,0,0,0,1.6091
1,2,2,0,0,0,0,1.6095
2,1,2,0,0,0,0,1.6095
2,1,2,0,0,0,0,1.6095
2,2,2,0,0,0,0,1.6085
1,1,2,0,2,1,0,1.6265
1,1,2,0,2,1,0,1.6352
1,1,2,0,2,1,0,1.6395
1,1,2,0,0,0,0,1.6296
1,1,2,0,0,0,0,1.6296
1,1,2,0,0,0,0,1.6296
1,1,2,0,0,0,0,1.6257
1,1,2,0,0,0,0,1.622
2,1,2,0,0,0,0,1.618
2,1,2,0,0,0,0,1.621
2,1,2,0,0,0,0,1.619
2,2,2,0,0,0,0,1.619
2,2,2,0,0,0,0,1.619
2,2,2,0,0,0,0,1.6173
2,2,2,0,0,0,0,1.6223
2,2,2,0,0,0,0,1.6219
2,2,2,0,1,2,0,1.6068
2,2,2,0,1,2,0,1.6006
2,2,2,0,1,2,0,1.6006
2,2,2,0,1,2,0,1.6006
2,2,2,1,1,2,0,1.5974
2,2,2,1,0,0,0,1.6045
2,2,2,1,1,2,0,1.5937
2,2,2,1,0,0,1,1.5973
2,2,2,0,0,0,1,1.6014
2,2,2,0,0,0,1,1.6014
2,2,2,0,0,0,1,1.6014
2,2,2,0,0,0,1,1.6025
1,1,2,0,0,0,1,1.61
1,1,2,0,0,0,1,1.6032
1,1,2,0,0,0,1,1.6046
1,1,2,0,2,0,1,1.6098
1,1,2,0,2,0,1,1.6098
1,1,2,0,2,0,1,1.6098
1,1,2,0,0,0,1,1.5995
1,1,2,0,0,0,1,1.606
1,1,2,0,0,0,1,1.6015
1,1,2,0,0,0,1,1.6048
1,1,2,0,2,1,1,1.6163
1,1,2,0,2,1,1,1.6163
1,1,2,0,2,1,1,1.6163
1,1,2,0,0,0,1,1.6062
2,2,2,0,1,2,1,1.5934
2,2,2,0,1,2,1,1.5882
2,2,2,0,1,0,1,1.5937
2,2,2,0,0,0,1,1.5959
2,2,2,0,0,0,1,1.5959
2,2,2,0,0,0,1,1.5959
2,2,2,0,0,0,1,1.5911
2,2,2,0,0,0,1,1.5905
2,2,2,0,1,2,1,1.5805
2,2,2,0,0,0,1,1.5875
2,2,2,0,0,0,1,1.5857
2,2,2,0,0,0,1,1.5857
2,2,2,0,0,0,1,1.5857
2,2,2,0,1,0,1,1.5818
2,2,2,0,1,2,1,1.5725
2,2,2,0,1,0,1,1.5775
2,2,2,1,1,2,1,1.5725
2,2,2,1,0,0,1,1.5782
2,2,2,1,0,0,1,1.5782
2,2,2,0,0,0,1,1.5782
2,2,2,0,0,0,1,1.5745
2,2,2,0,1,2,1,1.562
2,2,2,1,1,2,1,1.5597
2,2,2,1,1,2,1,1.5589
2,2,2,1,1,2,1,1.5503
2,2,2,1,1,2,1,1.5503
2,2,2,1,1,2,1,1.5503
2,2,2,1,0,0,1,1.5568
2,2,2,0,0,0,1,1.557
1,2,2,0,0,0,1,1.5633
1,2,2,0,0,0,1,1.5648
1,2,2,0,0,0,1,1.5617
1,2,2,0,0,0,1,1.5617
1,1,2,0,0,0,0,1.5617
1,1,2,0,2,1,0,1.5795
1,1,2,0,2,0,0,1.5692
1,1,2,0,2,0,0,1.5784
1,1,2,0,2,1,0,1.5815
1,1,2,0,2,0,0,1.5774
1,1,2,0,0,0,0,1.5774
1,1,2,0,0,0,0,1.5774
1,1,2,0,2,1,0,1.5906
1,1,2,0,2,0,0,1.5899
1,1,2,2,2,1,0,1.5975
1,1,2,2,2,1,0,1.6175
1,1,2,2,2,1,0,1.6222
1,1,2,2,2,1,0,1.6222
1,1,2,2,2,1,0,1.6222
1,1,2,2,0,0,2,1.6175
1,1,2,2,0,0,2,1.6203
1,1,2,2,0,0,2,1.6213
1,1,2,2,0,0,2,1.6143
1,1,2,2,0,0,2,1.61
1,1,2,2,0,0,2,1.61
2,1,2,0,0,0,2,1.61
2,2,2,2,0,0,2,1.6063
2,2,2,2,0,0,2,1.614
2,2,2,0,0,0,2,1.6123
2,2,2,2,0,0,2,1.6103
2,2,1,0,1,2,2,1.6045
2,2,1,0,1,2,2,1.6045
2,2,1,0,1,2,2,1.6045
2,2,1,0,1,2,2,1.6007
2,2,1,0,0,0,2,1.6036
2,2,1,0,0,0,2,1.6028
2,1,1,0,2,1,2,1.6162
2,1,1,0,2,0,2,1.6145
2,1,1,0,0,0,2,1.6145
2,1,1,0,0,0,2,1.6145
2,2,1,0,0,0,2,1.6014
2,2,1,0,1,2,2,1.5941
2,2,1,0,1,2,2,1.5854
2,2,2,0,1,0,2,1.588
2,2,2,0,1,0,2,1.5875
2,2,2,0,1,0,2,1.5875
2,2,2,0,0,0,2,1.5875
2,2,2,0,0,0,1,1.5903
2,2,2,0,0,0,1,1.6035
2,2,2,0,0,0,1,1.6038
1,2,2,0,0,0,1,1.607
1,1,2,0,0,0,1,1.6015
1,1,2,0,0,0,1,1.6015
1,1,2,0,0,0,1,1.6015
1,1,2,0,0,0,1,1.6068
1,1,2,0,0,0,1,1.6044
1,1,2,0,2,1,1,1.6198
1,1,2,0,2,1,1,1.6339
1,1,2,0,2,0,1,1.618
1,1,2,0,0,0,1,1.618
1,1,2,0,0,0,1,1.618
1,1,2,0,0,0,1,1.6071
1,1,1,0,0,0,1,1.6075
1,1,1,0,0,0,1,1.6135
1,1,1,0,0,0,1,1.6227
1,1,1,0,0,0,1,1.623
1,1,1,0,0,0,1,1.623
1,1,1,0,0,0,1,1.623
1,2,1,0,0,0,1,1.622
1,1,1,0,2,0,1,1.6325
1,1,1,0,0,0,1,1.629
1,1,1,0,2,1,1,1.6451
1,1,1,0,2,0,1,1.6413
1,1,1,0,2,0,1,1.6413
1,1,1,0,2,0,1,1.6413
1,1,1,0,2,1,1,1.6459
1,1,1,0,2,1,1,1.647
1,1,1,0,0,0,2,1.6442
1,1,1,0,0,1,2,1.647
1,1,1,2,2,1,2,1.6546
1,1,1,2,2,1,2,1.6546
1,1,1,2,2,1,2,1.6546
1,1,1,2,0,0,2,1.6544
1,1,1,2,0,0,2,1.6544
1,1,1,2,0,1,2,1.6558
2,1,1,2,0,0,2,1.6515
2,1,1,2,0,0,2,1.652
2,1,1,2,0,0,2,1.652
2,1,1,2,0,0,2,1.652
2,1,1,2,0,0,2,1.6526
2,1,1,2,2,1,2,1.6577
2,1,1,0,0,0,2,1.6554
2,1,1,2,2,1,2,1.663
2,1,1,2,2,1,2,1.668
1,1,1,2,2,1,2,1.668
1,1,1,2,2,1,2,1.668
1,1,1,2,2,1,2,1.6688
1,1,1,2,2,1,2,1.6722
2,1,1,0,0,0,2,1.6639
1,1,1,2,2,1,2,1.6748
2,1,1,0,0,0,0,1.6534
2,2,1,0,0,0,0,1.6534
2,2,1,0,0,0,0,1.6534
2,2,1,0,0,0,0,1.6625
2,2,1,0,1,2,0,1.6524
2,2,1,0,1,2,0,1.6477
2,2,1,0,1,2,0,1.6393
2,2,1,0,1,0,0,1.6424
2,2,1,0,0,0,0,1.6424
2,2,1,0,0,0,0,1.6424
2,2,1,0,0,0,0,1.6427
2,2,1,0,0,0,0,1.6457
2,2,1,0,0,0,0,1.6431
2,2,1,1,1,2,0,1.6219
2,2,1,1,1,2,0,1.62
2,2,1,1,1,2,0,1.62
2,2,1,1,1,2,0,1.62
2,2,1,1,1,2,1,1.619
2,2,1,0,0,0,1,1.6232
2,2,1,1,0,0,1,1.6285
2,2,1,0,0,0,1,1.622
2,2,1,1,0,2,1,1.6152
2,2,1,1,0,2,1,1.6152
2,2,1,1,0,2,1,1.6152
2,2,1,1,0,0,1,1.621
2,2,1,1,0,0,1,1.6162
1,1,1,0,0,0,1,1.6242
1,2,1,0,1,2,1,1.6143
1,1,1,0,0,0,1,1.619
1,2,1,0,0,0,1,1.619
1,2,1,0,0,0,1,1.619
1,2,1,0,0,0,1,1.6197
1,1,1,0,0,0,1,1.6246
1,2,1,0,1,2,1,1.6089
1,2,1,0,0,0,1,1.6125
1,2,1,0,1,2,1,1.6064
2,2,1,0,1,2,1,1.6064
2,2,1,0,1,2,1,1.6064
2,2,1,0,1,2,1,1.6059
2,2,1,0,1,2,1,1.5981
2,2,1,0,1,0,1,1.6001
2,2,1,0,0,0,1,1.6005
2,2,1,0,0,0,1,1.6005
2,2,2,0,0,0,1,1.6005
2,2,2,0,0,0,1,1.6005
1,1,2,0,2,0,1,1.6195
1,1,2,0,2,0,1,1.6235
1,1,2,0,2,1,1,1.6274
1,1,2,0,2,0,1,1.6236
1,1,2,0,0,0,1,1.6221
1,1,2,0,0,0,1,1.6221
1,1,2,0,0,0,1,1.6221
1,1,2,0,0,0,1,1.624
1,1,2,0,0,0,1,1.6108
1,1,2,0,0,0,1,1.6052
1,1,2,0,0,0,1,1.6107
2,2,2,0,0,0,1,1.6063
2,2,2,0,0,0,1,1.6063
2,2,2,0,0,0,1,1.6063
2,2,2,0,0,0,1,1.6093
2,2,2,0,0,0,1,1.6125
2,2,1,0,0,0,1,1.6091
1,2,1,0,0,0,1,1.6159
1,2,1,0,0,0,1,1.6162
1,1,1,0,0,0,1,1.6162
1,1,1,0,0,0,1,1.6162
1,1,1,0,0,0,1,1.6168
1,1,1,0,0,0,1,1.6141
1,1,1,0,0,1,1,1.6177
1,1,1,0,0,0,1,1.6145
1,1,1,0,0,0,1,1.6144
1,1,2,0,0,0,1,1.6144
1,1,2,0,0,0,1,1.6144
1,1,1,0,2,1,1,1.6355
1,1,1,2,2,1,1,1.6357
1,1,1,2,2,1,1,1.6423
1,1,1,2,2,1,1,1.6469
1,1,1,2,0,0,1,1.6391
1,1,1,2,0,0,1,1.6391
1,1,1,2,0,0,1,1.6391
1,1,1,0,0,0,1,1.6369
1,1,1,2,0,0,1,1.6465
1,1,1,2,0,1,1,1.6471
1,1,1,2,0,0,1,1.6469
1,2,1,0,0,0,1,1.6336
2,2,1,0,0,0,1,1.6336
2,2,1,0,0,0,1,1.6336
2,2,1,0,0,2,1,1.6332
2,2,1,0,0,0,1,1.6375
2,1,1,0,0,0,1,1.6447
1,1,1,2,2,1,1,1.6542
1,1,1,0,0,0,1,1.6489
1,1,1,0,0,0,1,1.6489
1,1,1,0,0,0,1,1.6489
1,1,1,0,0,0,1,1.6528
1,1,1,0,0,0,1,1.6448
2,1,1,0,0,0,1,1.6387
2,1,1,0,0,0,1,1.6383
2,2,1,0,1,2,1,1.6186
2,2,1,0,1,2,1,1.6186
2,2,1,0,1,2,1,1.6186
2,2,1,0,1,2,1,1.6156
2,2,1,0,1,2,1,1.6144
2,2,1,1,1,2,1,1.6083
2,2,1,1,1,2,1,1.5975
2,2,1,1,1,2,1,1.5917
2,2,1,1,1,2,1,1.5917
2,2,1,1,1,2,1,1.5917
2,2,1,1,0,0,1,1.5977
2,2,2,0,0,0,1,1.6113
2,2,2,0,0,0,1,1.6163
2,2,2,1,0,0,1,1.6094
2,2,2,1,0,0,1,1.5921
2,2,2,1,0,0,1,1.5921
2,2,2,1,0,0,1,1.5921
2,2,2,1,0,2,1,1.5865
2,1,2,0,0,0,1,1.5962
1,1,2,0,0,0,1,1.6079
1,1,2,0,0,0,1,1.6085
1,1,2,0,0,0,1,1.6011
1,2,2,0,0,0,1,1.6011
1,2,2,0,0,0,1,1.6011
1,2,2,0,0,0,1,1.6
1,1,2,0,0,0,1,1.6121
1,1,2,0,0,0,1,1.6037
1,1,2,0,0,0,1,1.6005
1,1,2,0,0,0,1,1.5949
1,2,2,0,0,0,1,1.5949
1,2,2,0,0,0,1,1.5949
1,2,2,0,0,0,1,1.5953
2,2,2,0,1,2,1,1.5788
2,2,2,0,1,0,1,1.5863
2,2,2,0,1,2,1,1.576
2,2,2,0,1,0,1,1.5778
2,2,2,0,1,0,1,1.5778
2,2,2,0,0,0,1,1.5778
2,2,2,0,0,2,1,1.5748
2,2,2,0,0,0,1,1.5796
2,2,2,0,0,0,1,1.5811
1,2,2,0,0,0,1,1.5818
1,2,2,0,0,0,1,1.5761
1,2,2,0,0,0,1,1.5761
1,2,2,0,0,0,1,1.5761
1,1,2,1,0,0,1,1.5787
1,2,2,1,0,0,1,1.5772
1,2,2,1,1,2,1,1.5729
1,2,2,0,0,0,1,1.5753
1,2,2,0,1,0,1,1.5738
1,2,2,0,0,0,1,1.5738
1,2,2,0,0,0,1,1.5738
1,2,2,0,1,2,1,1.569
1,2,2,0,0,0,1,1.5718
1,1,2,0,0,0,1,1.5785
1,1,2,0,2,1,1,1.5866
1,1,2,0,2,1,0,1.595
1,1,2,0,2,1,0,1.595
1,1,2,0,2,1,0,1.595
1,1,2,0,0,0,0,1.5875
1,1,2,0,0,0,0,1.5893
1,1,2,0,0,0,0,1.5929
1,1,2,0,0,1,0,1.595
1,1,2,0,0,0,0,1.5914
1,1,2,0,0,0,0,1.5914
1,1,2,0,0,0,0,1.5914
1,1,2,0,0,1,0,1.5963
1,2,2,0,0,0,0,1.5937
1,2,2,0,1,0,0,1.5826
2,2,2,0,1,2,0,1.5793
2,2,2,0,1,2,0,1.5789
2,2,2,0,1,2,0,1.5789
2,2,2,0,1,2,0,1.5789
2,2,2,0,0,0,0,1.5848
2,2,2,0,0,0,0,1.586
2,2,2,0,0,0,0,1.5884
2,2,2,0,0,0,0,1.5864
1,2,2,0,0,0,0,1.5878
1,2,2,0,0,0,0,1.5878
1,1,2,0,0,0,0,1.5878
2,1,2,0,0,0,0,1.5799
2,2,2,0,1,2,0,1.5766
2,1,2,0,0,0,0,1.5821
2,1,2,0,0,0,0,1.5796
2,2,2,0,0,0,0,1.5776
2,2,2,0,0,0,0,1.5776
2,2,2,0,0,0,0,1.5776
2,2,2,0,0,0,0,1.579
2,2,2,0,0,0,0,1.5809
2,2,2,0,0,2,0,1.5763
2,2,2,0,1,2,0,1.5727
2,2,2,1,1,2,0,1.5497
2,2,2,1,1,2,0,1.5497
2,2,2,1,1,2,0,1.5497
2,2,2,1,1,0,1,1.5533
2,2,2,0,0,0,1,1.5611
2,2,2,0,0,0,1,1.5615
2,2,2,1,1,2,1,1.5422
2,2,2,1,1,2,1,1.5284
2,2,2,1,1,2,1,1.5284
2,2,2,1,1,2,1,1.5284
2,2,2,1,0,0,1,1.5324
2,2,2,1,0,0,1,1.5305
2,2,2,1,1,2,1,1.5092
2,2,2,1,1,2,1,1.5042
2,2,2,1,0,0,1,1.5156
2,2,2,1,0,0,1,1.5156
2,2,2,1,0,0,1,1.5156
2,2,2,1,1,0,1,1.5047
2,2,2,1,1,2,1,1.4931
2,2,2,1,1,0,1,1.4956
2,2,2,1,1,2,1,1.4831
2,2,2,1,1,0,1,1.488
2,2,2,1,0,0,1,1.488
2,2,2,1,0,0,1,1.488
2,2,2,1,0,0,1,1.4914
2,2,2,1,1,2,1,1.4762
2,2,2,1,1,2,1,1.4732
2,2,2,1,1,2,1,1.4704
1,2,2,0,0,0,1,1.4895
1,2,2,0,0,0,0,1.4895
1,2,2,0,0,0,0,1.4895
1,1,2,0,0,0,0,1.4929
1,1,2,0,2,1,0,1.497
1,1,2,0,2,1,0,1.5012
1,1,2,0,0,0,0,1.4948
1,1,2,0,2,1,0,1.5094
1,1,2,0,2,1,0,1.5094
1,1,2,0,2,1,0,1.5094
1,1,2,0,2,1,0,1.5185
1,1,2,0,2,1,0,1.5281
1,1,2,0,2,0,2,1.5215
1,1,2,0,0,0,2,1.5093
1,1,2,0,0,0,2,1.5096
1,1,2,0,0,0,2,1.5096
1,1,2,0,0,0,2,1.5096
1,1,2,0,0,0,2,1.5128
1,2,2,0,0,0,2,1.506
1,2,2,0,1,0,2,1.4983
1,1,2,0,0,0,2,1.5108
1,2,2,0,0,0,2,1.515
1,2,2,0,0,0,2,1.515
1,2,2,0,0,0,2,1.515
1,1,2,0,0,0,2,1.5117
1,1,2,0,0,0,2,1.517
2,2,2,0,1,0,2,1.4996
1,1,2,0,0,0,2,1.5128
2,2,2,0,1,0,2,1.4989
2,2,2,0,1,0,2,1.4989
2,1,2,0,0,0,2,1.4989
2,2,2,0,0,2,0,1.4967
2,2,2,0,0,0,0,1.5065
2,2,2,0,0,0,0,1.5125
1,1,2,0,0,1,0,1.5179
1,1,2,0,0,0,0,1.5171
1,1,2,0,0,0,0,1.5171
1,1,2,0,0,0,0,1.5171
1,1,2,0,0,0,0,1.5136
1,1,2,0,0,0,0,1.5146
1,1,2,0,0,0,0,1.5066
2,1,2,0,0,0,0,1.507
1,1,2,0,0,0,0,1.5126
1,1,2,0,0,0,0,1.5126
1,1,2,0,0,0,0,1.5126
1,2,2,0,0,0,0,1.5124
1,2,2,0,0,0,0,1.5162
2,2,2,0,1,2,0,1.5062
2,2,2,0,1,2,0,1.5041
2,2,2,0,1,2,0,1.5016
2,2,2,0,1,2,0,1.5016
2,2,2,0,1,2,0,1.5016
2,2,2,0,1,2,0,1.4946
2,2,2,0,1,0,0,1.4975
2,2,2,1,1,0,0,1.4965
2,1,2,0,0,0,0,1.5135
1,1,2,0,0,1,0,1.5165
1,1,2,0,0,1,0,1.5165
1,1,2,0,0,1,0,1.5165
1,1,2,0,0,0,0,1.515
1,1,2,0,0,0,0,1.5156
1,1,2,0,0,0,2,1.5158
1,1,2,0,0,0,2,1.5122
1,1,2,0,0,0,2,1.5018
2,1,2,0,0,0,2,1.5018
2,1,2,0,0,0,2,1.5018
2,2,2,0,0,0,2,1.4995
2,2,2,0,1,2,2,1.4922
2,2,2,0,1,0,2,1.4947
2,2,2,0,0,0,2,1.4968
2,2,2,0,0,0,2,1.5049
2,2,2,0,0,0,2,1.5049
2,2,2,0,0,0,2,1.5049
1,2,2,0,0,0,2,1.5118
1,1,2,0,0,0,2,1.5042
1,1,2,0,0,0,2,1.5023
2,2,2,0,0,0,2,1.4967
2,1,2,0,0,0,2,1.5008
2,1,2,0,0,0,2,1.5008
2,1,2,0,0,0,2,1.5008
1,1,2,0,0,0,2,1.5055
1,2,2,0,0,0,2,1.504
1,2,2,0,0,0,2,1.4997
2,2,2,0,1,0,2,1.4974
2,2,2,0,1,2,2,1.4895
2,2,2,0,1,2,2,1.4895
2,2,2,0,1,2,2,1.4895
2,2,2,0,1,2,2,1.4872
2,2,2,0,1,2,1,1.4823
2,2,2,0,0,0,1,1.4858
2,2,2,0,1,2,1,1.4806
2,2,2,1,1,2,0,1.4691
2,2,2,1,1,2,0,1.4691
2,2,2,1,1,2,0,1.4691
2,2,2,1,1,0,1,1.4699
2,2,2,1,1,2,1,1.456
2,2,2,1,1,0,1,1.4588
2,2,2,1,1,2,1,1.4471
2,2,2,0,0,0,1,1.4636
2,2,2,0,0,0,1,1.4636
2,2,2,1,0,0,1,1.4636
2,2,2,1,0,0,1,1.4577
2,2,2,1,0,0,1,1.4544
2,2,2,1,1,2,1,1.4375
2,2,2,1,1,0,1,1.4385
2,2,2,1,1,2,0,1.4137
2,2,2,1,1,2,0,1.4137
2,2,2,1,1,2,0,1.4137
2,2,2,1,1,2,0,1.402
2,2,2,1,1,0,1,1.406
2,2,2,1,0,0,1,1.4094
2,2,2,1,0,0,1,1.4064
2,2,2,1,0,2,1,1.3968
2,2,2,1,0,2,1,1.3968
2,2,2,1,0,2,1,1.3968
2,2,2,1,0,0,1,1.4057
1,2,2,1,0,0,1,1.4087
1,2,2,0,0,0,1,1.411
1,1,2,0,2,0,1,1.4384
1,1,2,0,2,1,1,1.453
1,1,2,0,2,1,1,1.453
1,1,2,0,2,1,1,1.453
1,1,2,0,2,0,1,1.4525
1,1,2,0,2,1,1,1.463
1,1,2,0,0,1,1,1.4635
1,1,2,2,0,0,1,1.4629
1,1,2,2,2,1,1,1.4759
1,1,2,2,0,1,1,1.4759
1,1,2,2,0,1,1,1.4759
1,1,2,2,0,0,2,1.4661
1,1,2,2,0,0,2,1.4592
1,1,2,2,0,0,2,1.458
1,2,2,2,1,0,0,1.4432
2,2,2,2,1,0,0,1.4454
2,2,2,2,1,0,0,1.4454
2,2,2,0,0,0,0,1.4454
2,2,2,0,0,0,1,1.449
2,2,2,0,0,0,1,1.4558
2,2,2,0,0,0,1,1.4602
1,2,2,0,0,0,1,1.4709
2,2,2,0,0,0,1,1.4518
2,2,2,0,0,0,1,1.4518
2,2,2,0,0,0,1,1.4518
2,1,2,0,0,0,1,1.4469
2,1,2,0,0,0,1,1.4499
2,2,2,0,0,0,1,1.4433
2,1,2,0,0,0,1,1.4461
2,1,2,0,0,0,1,1.451
2,2,2,0,0,0,1,1.451
2,2,2,0,0,0,1,1.451
2,2,2,0,0,0,1,1.4534
2,2,2,0,0,0,1,1.4495
2,2,2,0,1,2,1,1.4319
2,2,2,0,1,0,1,1.436
2,1,2,0,0,1,1,1.4548
2,1,2,0,0,1,1,1.4548
1,1,2,0,0,1,1,1.4548
1,1,2,0,0,0,1,1.4493
1,2,2,0,0,0,1,1.4476
1,2,2,0,0,0,1,1.4506
2,2,2,0,0,0,1,1.4448
2,2,2,0,0,0,1,1.4485
2,2,2,0,0,0,1,1.4485
2,1,2,0,0,0,1,1.4485
2,2,2,0,1,2,1,1.427
2,2,2,0,1,0,1,1.4334
2,2,2,0,1,2,1,1.4235
2,2,2,0,0,0,1,1.4322
2,2,2,0,1,0,1,1.4247
2,2,2,0,1,0,1,1.4247
2,2,2,0,0,0,1,1.4247
2,2,2,0,0,0,1,1.4376
2,2,2,0,0,0,1,1.4297
2,2,2,0,0,0,1,1.4269
2,2,2,0,0,0,1,1.4255
2,2,2,0,0,2,1,1.4218
2,2,2,0,0,2,1,1.4218
2,2,2,0,0,2,1,1.4218
2,2,2,0,0,0,1,1.4231
2,2,2,0,1,2,1,1.418
2,2,2,0,1,2,1,1.4068
2,2,2,1,1,2,1,1.4002
2,2,2,1,1,2,1,1.399
2,2,2,1,1,2,1,1.399
2,2,2,0,1,2,1,1.399
2,2,2,0,0,0,1,1.4169
1,2,2,0,0,0,1,1.4161
1,1,2,0,0,0,1,1.4228
1,1,2,0,0,1,1,1.4262
1,1,2,0,2,1,1,1.4422
1,1,2,0,2,1,1,1.4422
1,1,2,0,2,1,1,1.4422
1,1,2,0,2,1,1,1.4518
1,1,2,0,0,0,1,1.4314
1,1,2,0,0,0,1,1.4426
1,1,2,0,0,0,1,1.4448
1,1,2,0,0,0,1,1.4497
1,1,2,0,0,0,1,1.4497
1,1,2,0,0,0,1,1.4497
1,1,2,0,2,1,1,1.4566
1,1,2,0,0,0,1,1.4474
1,1,2,2,2,0,1,1.4558
1,1,2,2,2,1,1,1.4734
1,1,2,2,2,1,2,1.4738
1,1,2,2,2,1,2,1.4738
1,1,2,2,2,1,2,1.4738
1,1,2,2,2,1,2,1.4759
1,1,2,0,0,0,2,1.4688
1,1,2,2,0,0,2,1.4752
1,1,2,0,0,0,2,1.4739
1,1,2,0,0,1,2,1.4765
1,1,2,0,0,1,2,1.4765
1,1,2,0,0,1,2,1.4765
1,1,2,2,0,1,2,1.4796
1,1,2,2,2,1,2,1.4831
1,1,1,2,2,1,2,1.4962
1,1,1,2,2,0,2,1.4931
1,1,1,2,2,0,2,1.4927
1,1,1,2,2,0,2,1.4927
1,1,1,2,0,0,2,1.4927
1,1,1,2,0,0,2,1.4927
1,1,1,2,2,1,2,1.5027
2,1,1,0,0,0,2,1.4889
2,1,1,0,2,0,2,1.5017
2,1,1,0,2,1,2,1.5029
2,1,1,0,2,1,2,1.5029
2,1,1,0,0,1,2,1.5029
2,1,1,0,0,0,2,1.4959
2,2,1,0,0,0,2,1.4876
2,2,1,0,1,2,2,1.4865
2,1,1,0,0,0,2,1.4989
2,2,1,0,1,2,2,1.4772
2,2,1,0,1,2,2,1.4772
2,2,1,0,1,2,2,1.4772
2,2,1,0,1,0,1,1.4773
2,2,1,0,1,2,1,1.4723
2,2,1,0,0,0,1,1.4734
2,2,1,0,0,2,1,1.4723
2,2,1,0,1,2,0,1.4628
2,2,1,0,1,2,0,1.4628
2,2,1,0,1,2,0,1.4628
2,2,1,0,0,0,0,1.465
2,2,1,0,0,0,0,1.4691
2,2,1,1,1,2,0,1.4523
2,2,1,1,0,0,0,1.4595
2,2,1,1,0,0,0,1.4602
2,2,1,1,0,0,0,1.4602
2,2,1,0,0,0,0,1.4602
2,2,1,0,0,0,0,1.4575
2,2,1,0,0,0,0,1.4623
2,1,1,1,0,0,0,1.4634
1,1,1,0,2,1,0,1.4771
1,1,1,0,2,0,0,1.4691
1,1,1,0,0,0,0,1.4691
1,1,1,0,0,0,0,1.4691
1,1,1,0,2,0,0,1.4745
1,2,1,0,0,0,0,1.4593
2,2,1,0,1,2,0,1.4514
2,2,1,0,1,2,0,1.4444
2,2,1,0,1,2,0,1.4435
2,2,1,0,1,2,0,1.4435
2,2,1,0,1,2,0,1.4435
2,2,1,0,0,0,0,1.4518
2,2,1,0,0,0,0,1.4512
2,2,1,0,0,0,0,1.4556
2,2,2,0,0,0,0,1.4488
2,2,2,0,0,0,0,1.447
2,2,2,0,0,0,0,1.447
2,2,2,0,0,0,0,1.447
1,1,2,0,0,0,0,1.447
1,1,2,0,0,0,0,1.4464
2,2,2,1,1,2,0,1.4422
1,1,2,0,0,0,0,1.4476
1,1,2,0,2,0,0,1.4542
1,1,2,0,2,0,0,1.4542
1,2,2,0,0,0,0,1.4542
1,2,2,0,1,0,0,1.4437
1,2,2,0,1,0,0,1.443
1,2,2,0,0,0,0,1.4441
1,1,2,0,2,1,0,1.4547
1,1,2,0,2,1,0,1.4701
1,1,2,0,2,1,0,1.4701
1,1,2,0,2,1,0,1.4701
1,1,2,0,0,0,0,1.4658
1,1,2,0,0,0,0,1.4661
1,1,1,0,0,0,0,1.4608
1,1,1,0,0,0,0,1.4689
1,1,1,0,0,0,0,1.4688
1,1,1,0,0,0,0,1.4688
1,1,1,0,0,0,0,1.4688
1,1,1,0,0,0,0,1.464
2,2,1,0,1,0,0,1.4492
2,2,1,0,1,0,0,1.4446
2,2,1,0,1,2,0,1.4343
2,2,1,0,1,2,0,1.4305
2,2,1,0,1,2,0,1.4305
2,2,1,0,1,2,0,1.4305
2,2,1,0,1,2,0,1.425
2,2,1,0,0,0,0,1.4344
2,2,1,0,0,0,1,1.431
2,2,2,1,0,2,1,1.4208
2,2,2,1,0,0,1,1.4251
2,2,2,1,0,0,1,1.4251
2,2,2,1,0,0,1,1.4251
2,2,2,0,0,0,1,1.434
2,1,2,0,0,0,1,1.4332
1,1,2,0,0,0,1,1.4365
1,2,2,1,0,0,1,1.4271
2,2,2,1,1,2,0,1.4152
2,2,2,1,1,2,0,1.4152
2,2,2,1,1,2,0,1.4152
2,2,2,0,0,0,1,1.4181
1,1,2,0,0,0,1,1.4329
1,1,2,0,0,0,1,1.4324
1,1,2,0,0,0,1,1.4268
1,1,2,0,2,1,1,1.4393
1,1,2,0,2,1,1,1.4393
1,1,2,0,0,1,1,1.4393
1,1,2,0,2,1,2,1.4436
1,1,2,0,0,0,2,1.4333
1,1,2,0,0,0,2,1.4365
1,1,2,0,0,0,2,1.4391
1,1,2,0,0,0,2,1.4361
1,1,2,0,0,0,2,1.4361
1,1,2,0,0,0,2,1.4361
1,1,2,0,0,0,2,1.4361
1,2,2,0,0,0,2,1.4319
1,2,2,0,1,0,2,1.4274
1,1,2,0,2,1,2,1.4462
1,2,2,0,0,0,2,1.4422
1,1,2,0,0,0,2,1.4422
1,1,2,0,0,0,2,1.4422
1,2,2,0,0,0,2,1.4372
1,2,2,0,0,0,2,1.4342
1,1,2,0,0,0,2,1.4411
1,1,2,0,0,0,2,1.4412
1,1,2,0,0,0,2,1.4381
1,1,2,0,0,0,2,1.4381
1,1,2,0,0,0,2,1.4381
2,2,2,0,0,0,2,1.4331
2,2,2,0,0,0,2,1.4346
2,2,2,0,0,0,2,1.4331
2,2,2,0,0,0,2,1.4352
2,1,2,0,0,0,2,1.4388
2,1,2,0,0,0,2,1.4388
1,2,2,0,0,0,2,1.4388
1,2,2,0,0,0,2,1.4381
2,2,2,0,1,2,2,1.4256
2,2,2,1,1,2,2,1.4225
2,2,2,1,1,2,2,1.4222
2,2,2,1,1,2,2,1.4183
2,2,2,1,1,2,2,1.4183
2,2,2,0,1,2,2,1.4183
2,2,2,0,0,2,2,1.4179
2,2,2,1,0,0,2,1.4236
2,2,2,0,0,0,2,1.4302
1,2,2,0,0,0,2,1.4319
1,1,2,0,0,1,2,1.4388
1,1,2,0,0,1,2,1.4388
1,1,2,0,0,1,2,1.4388
1,1,2,0,0,1,2,1.4393
1,1,2,0,0,0,2,1.4271
1,1,2,0,0,0,2,1.4187
2,2,2,1,1,2,0,1.4072
2,1,2,0,0,0,0,1.4219
2,2,2,0,0,0,0,1.4219
2,2,2,0,0,0,0,1.4219
2,2,2,0,0,0,0,1.4204
2,2,2,0,0,0,0,1.4231
2,2,2,0,0,0,0,1.4257
2,2,2,0,0,0,0,1.4179
2,2,2,0,0,0,0,1.417
2,2,2,0,0,0,0,1.417
2,2,2,0,0,0,0,1.417
2,1,2,0,0,0,0,1.4141
2,2,2,0,0,0,0,1.4133
2,2,2,1,1,2,0,1.3911
2,2,2,1,1,0,0,1.3923
2,2,2,1,1,2,0,1.3781
2,2,2,1,1,2,0,1.3781
2,2,2,1,1,2,0,1.3781
2,2,2,1,1,2,0,1.3727
2,2,2,1,0,0,1,1.3729
2,2,2,0,0,0,1,1.3912
2,2,2,0,0,0,1,1.4015
1,2,2,0,0,0,1,1.4025
1,2,2,0,0,0,1,1.4025
1,1,2,0,0,0,1,1.4025
1,1,2,0,0,0,1,1.4036
1,1,2,0,0,0,1,1.4011
1,1,2,0,0,0,1,1.3958
1,1,2,0,2,1,1,1.4152
1,1,2,0,2,0,1,1.4128
1,1,2,0,0,0,1,1.4128
1,1,2,0,0,0,1,1.4128
1,1,2,0,0,0,1,1.4125
1,1,2,0,2,1,1,1.4164
1,1,2,0,0,1,2,1.4167
1,1,2,0,0,0,2,1.408
1,1,2,2,0,0,2,1.4158
1,1,2,2,0,0,2,1.4158
1,1,2,2,0,0,2,1.4158
1,1,2,2,0,1,2,1.4169
1,2,2,0,0,0,2,1.4065
1,2,2,0,0,0,2,1.4065
2,2,2,0,1,2,2,1.4027
2,2,2,0,0,0,2,1.4115
2,2,2,0,0,0,2,1.4115
2,2,2,0,0,0,2,1.4115
2,1,2,0,0,0,2,1.4082
2,2,2,0,0,0,2,1.4111
2,2,2,0,0,0,2,1.4074
2,2,2,0,0,0,2,1.4074
2,2,2,0,1,0,2,1.4042
2,2,2,0,0,0,2,1.4042
2,2,2,0,0,0,2,1.4042
2,2,2,0,1,2,2,1.3991
2,2,2,0,1,0,2,1.4007
1,1,2,0,2,1,2,1.4214
1,1,2,0,2,1,2,1.4297
1,1,2,0,2,0,2,1.4277
1,1,2,0,2,0,2,1.4277
1,1,2,0,2,0,2,1.4277
1,1,2,0,0,0,2,1.4201
1,1,2,0,0,0,2,1.4208
1,1,2,0,0,0,2,1.4274
1,1,2,0,0,0,2,1.4268
1,1,2,0,0,0,2,1.4232
1,1,2,0,0,0,2,1.4232
1,1,2,0,0,0,2,1.4232
1,2,2,0,0,0,2,1.4255
1,2,2,0,0,0,2,1.425
1,1,2,0,2,1,2,1.4338
1,1,2,0,2,0,2,1.4314
1,1,2,0,0,0,2,1.4288
1,1,2,0,0,0,2,1.4288
1,1,2,2,0,0,2,1.4288
2,2,2,0,1,2,2,1.4182
2,2,2,0,1,2,2,1.4163
2,2,2,0,1,2,2,1.4162
2,1,2,0,0,0,2,1.4258
2,2,2,0,0,0,2,1.4227
2,2,2,0,0,0,2,1.4227
2,2,2,0,0,0,2,1.4227
2,2,2,0,0,0,2,1.4204
2,2,2,0,0,0,2,1.4286
1,1,2,0,2,1,2,1.4405
1,1,2,0,2,1,2,1.4439
1,1,2,0,2,1,2,1.4446
1,1,2,0,2,1,2,1.4446
1,1,1,0,2,1,2,1.4446
1,1,1,0,0,0,2,1.4437
1,1,1,0,2,1,2,1.4542
1,1,1,0,0,0,2,1.4486
1,1,1,0,0,0,2,1.447
1,1,1,0,0,0,2,1.4423
1,1,1,0,0,0,2,1.4423
2,1,1,0,0,0,2,1.4423
2,2,1,2,0,0,2,1.4433
1,1,1,2,2,0,2,1.4531
1,1,1,0,2,0,2,1.4509
1,1,1,2,2,1,2,1.4573
1,1,1,2,0,0,2,1.4535
1,2,1,2,0,0,2,1.4535
1,1,1,2,0,0,2,1.4535
1,1,1,2,0,0,2,1.454
2,1,1,0,0,0,2,1.4444
2,1,1,0,2,0,2,1.457
2,1,1,0,0,0,2,1.4566
1,1,1,0,2,1,2,1.4605
1,1,1,0,2,1,2,1.4605
1,1,1,0,2,1,2,1.4605
2,2,1,0,0,0,2,1.4555
1,1,1,0,2,1,2,1.4754
1,1,1,0,2,0,2,1.4672
1,1,1,0,2,0,2,1.4705
1,1,1,0,2,0,2,1.4717
1,1,1,0,2,0,2,1.4717
1,1,1,0,0,0,2,1.4717
1,1,1,0,0,0,2,1.4651
2,1,1,0,0,0,2,1.4675
2,1,1,0,0,0,2,1.4679
2,1,1,0,0,0,2,1.4659
2,1,1,0,1,0,2,1.4561
2,2,1,0,1,0,2,1.4561
2,2,1,0,1,0,2,1.4561
2,2,1,0,0,0,2,1.4629
2,2,1,0,0,0,2,1.47
2,1,1,0,2,1,2,1.4745
2,1,1,0,0,0,2,1.4744
1,1,1,0,0,0,2,1.4739
1,1,1,0,0,0,2,1.4739
1,1,1,0,0,0,2,1.4739
1,1,1,0,2,1,2,1.4789
2,1,1,0,0,0,2,1.468
1,1,1,0,0,0,2,1.4769
1,1,1,0,0,0,2,1.4752
1,1,1,0,2,1,2,1.4838
1,1,1,0,2,1,2,1.4838
1,1,1,0,2,1,2,1.4838
1,2,1,0,0,0,2,1.4736
2,2,1,0,1,2,2,1.4579
2,2,1,0,1,2,2,1.4509
2,2,1,0,1,2,2,1.4448
2,2,1,0,1,0,2,1.4513
2,2,1,0,0,0,2,1.4513
2,2,1,0,0,0,2,1.4513
2,2,1,0,0,0,2,1.4485
2,2,1,0,0,0,2,1.4488
2,2,1,0,0,0,2,1.4461
2,2,1,0,0,2,2,1.4437
2,2,1,1,1,2,2,1.4327
2,2,1,1,1,2,2,1.4327
2,2,1,1,1,2,2,1.4327
2,2,1,1,1,2,1,1.4243
2,2,1,1,1,0,1,1.4258
2,2,1,1,0,0,1,1.4286
2,2,1,1,0,0,1,1.4262
2,2,1,1,0,0,1,1.4359
2,2,1,1,0,0,1,1.4359
1,2,1,1,0,0,1,1.4359
1,1,1,0,2,1,1,1.4543
1,1,1,0,2,0,1,1.4514
1,1,1,0,2,0,1,1.454
1,1,1,0,2,1,1,1.4621
1,1,1,0,2,0,1,1.4613
1,1,1,0,2,0,1,1.4613
1,1,1,0,0,0,1,1.4613
1,1,1,0,0,0,1,1.4585
1,1,1,0,0,0,1,1.4563
1,1,1,0,0,1,1,1.4636
1,1,1,0,0,0,1,1.4533
1,1,1,0,0,0,1,1.4577
1,1,1,0,0,0,1,1.4577
1,1,1,2,0,0,1,1.4577
1,2,1,0,0,0,1,1.4538
2,2,1,0,1,2,1,1.4405
2,2,1,0,1,0,1,1.441
2,2,1,0,1,2,1,1.4317
2,2,1,0,1,2,1,1.4271
2,2,1,0,1,2,1,1.4271
2,2,1,0,1,2,1,1.4271
2,2,1,1,1,2,1,1.4115
2,2,1,0,0,0,1,1.4202
2,2,1,1,1,0,1,1.4165
2,2,1,1,1,0,1,1.4117
2,2,1,1,1,2,1,1.4098
2,2,1,1,0,2,1,1.4098
2,2,1,1,0,2,1,1.4098
2,2,2,1,0,0,1,1.4118
2,2,2,1,0,0,1,1.4144
1,2,2,0,0,0,1,1.4261
1,2,2,0,0,0,1,1.4261
1,1,2,0,0,0,1,1.424
1,1,2,0,0,0,1,1.424
1,1,2,0,0,0,1,1.424
1,1,2,0,0,0,1,1.4247
1,1,2,0,0,0,1,1.4227
1,1,2,0,0,0,1,1.4163
1,1,2,0,0,1,1,1.4279
1,1,2,0,2,1,1,1.4331
1,1,2,0,2,1,1,1.4331
1,1,2,0,2,1,1,1.4331
1,1,2,0,2,1,1,1.435
1,1,2,0,2,1,1,1.4391
1,1,2,2,2,1,2,1.4463
1,1,2,2,2,0,2,1.4404
1,1,2,2,2,1,2,1.4517
1,1,2,2,2,1,2,1.4517
1,1,2,2,2,1,2,1.4517
1,1,2,2,2,1,2,1.4588
1,1,1,2,2,0,2,1.4565
1,1,1,0,0,0,2,1.4504
1,1,1,0,0,0,2,1.4484
1,1,1,0,0,0,2,1.4405
2,1,1,0,0,0,2,1.4405
2,2,1,0,0,0,2,1.4405
2,1,1,0,0,0,2,1.4431
2,2,1,0,0,0,2,1.444
2,1,1,0,0,0,2,1.4535
2,2,1,0,0,0,2,1.4508
2,2,1,0,0,0,2,1.4503
2,2,1,0,0,0,2,1.4503
2,2,1,0,0,0,2,1.4503
1,1,1,0,0,0,2,1.4541
1,1,1,0,0,0,2,1.4534
2,1,1,0,0,0,2,1.4467
2,2,1,0,1,2,2,1.438
2,1,1,0,0,0,2,1.4453
2,1,1,0,0,0,2,1.4453
2,2,1,0,0,0,2,1.4453
2,2,1,0,1,0,2,1.4404
2,2,1,0,1,0,2,1.4389
2,2,1,0,1,2,2,1.4375
2,2,1,0,0,0,2,1.439
2,2,1,0,0,0,2,1.4484
2,2,1,0,0,0,2,1.4484
2,1,1,0,0,0,2,1.4484
1,1,1,0,0,0,2,1.4489
2,2,1,0,0,0,2,1.4405
2,2,1,0,1,2,2,1.4369
2,2,1,0,1,2,2,1.4359
2,2,1,0,0,0,2,1.4377
2,2,1,0,0,0,2,1.4377
2,1,1,0,0,0,2,1.4377
2,2,2,0,0,2,2,1.4355
2,2,2,0,1,2,2,1.4288
2,2,2,0,1,2,2,1.4243
2,2,2,1,1,2,2,1.4238
2,2,2,1,1,2,2,1.408
2,2,2,1,1,2,2,1.408
2,2,2,1,1,2,2,1.408
2,2,2,1,1,0,1,1.4095
2,2,2,0,0,0,1,1.4133
2,2,2,0,0,0,1,1.4147
2,2,2,1,0,0,1,1.4105
2,2,2,1,0,0,1,1.4168
2,2,2,1,0,0,1,1.4168
1,2,2,1,0,0,1,1.4168
1,2,2,0,0,0,1,1.4228
1,1,2,0,0,0,1,1.4149
1,1,2,0,0,0,1,1.4117
1,1,2,0,0,0,1,1.4129
1,1,2,0,0,0,1,1.4135
1,1,2,0,0,0,1,1.4135
1,2,2,0,0,0,1,1.4135
1,1,2,0,2,0,1,1.4216
1,1,2,0,2,1,1,1.4338
1,1,2,0,2,0,1,1.4278
1,1,2,0,2,0,1,1.4302
1,1,2,0,2,0,1,1.4313
1,1,2,0,0,0,1,1.4313
1,1,2,0,0,0,1,1.4313
1,1,2,0,0,0,1,1.428
1,1,2,0,0,0,1,1.4318
1,1,2,0,0,0,1,1.4271
1,1,2,0,0,0,1,1.4253
1,1,2,0,0,0,1,1.4326
1,2,2,0,0,0,1,1.4326
1,1,2,0,0,0,1,1.4326
1,2,2,0,1,0,1,1.4244
2,2,2,0,1,2,1,1.4165
2,2,2,0,1,0,1,1.4196
2,2,2,0,1,2,1,1.416
2,2,2,0,1,0,1,1.4182
2,2,2,0,0,0,1,1.4182
2,2,2,0,0,0,1,1.4182
2,2,2,0,0,0,1,1.4227
2,2,2,0,0,0,1,1.4243
2,2,2,0,0,0,1,1.4223
1,2,2,0,0,0,1,1.4273
1,2,2,0,0,0,1,1.4214
1,1,2,0,0,0,1,1.4214
2,1,2,0,0,0,1,1.4214
2,1,2,0,0,0,1,1.4199
2,2,2,0,1,2,1,1.4157
2,2,2,0,1,2,1,1.4154
2,1,2,0,0,0,1,1.4203
1,1,2,0,0,0,1,1.4245
1,1,2,0,0,0,1,1.4245
1,1,2,0,0,0,1,1.4245
1,2,2,0,2,0,1,1.4266
1,1,2,0,0,0,1,1.4244
1,1,2,0,2,1,1,1.4277
1,1,2,0,0,0,1,1.4266
1,1,2,0,0,0,1,1.4254
1,1,2,0,0,0,1,1.4254
1,1,2,0,0,0,1,1.4254
1,1,2,0,0,0,1,1.4259
1,1,2,0,0,0,1,1.4261
1,1,2,0,0,0,1,1.4247
1,1,2,0,0,0,1,1.4248
1,2,2,0,0,0,1,1.4255
1,1,2,0,0,0,1,1.4255
1,2,2,0,0,0,1,1.4255
1,1,2,2,2,1,1,1.4402
1,1,2,2,2,0,1,1.4353
1,1,2,2,2,0,1,1.4354
1,1,2,0,0,0,1,1.4334
1,1,2,0,0,0,0,1.4322
1,1,2,0,0,0,0,1.4322
1,1,2,0,0,0,0,1.4322
1,1,2,0,0,0,0,1.4307
1,1,2,0,0,0,0,1.4369
1,1,2,0,0,0,0,1.4362
1,1,2,0,0,0,0,1.4377
1,2,2,0,0,0,0,1.4358
1,1,2,0,0,0,0,1.4358
1,1,2,0,0,0,0,1.4358
1,1,2,0,0,0,0,1.4366
1,1,2,0,2,1,0,1.4397
1,1,2,2,2,1,0,1.4452
1,1,1,2,2,1,0,1.4473
1,1,1,2,2,1,0,1.4474
1,1,1,2,2,1,0,1.4474
1,1,1,0,2,1,0,1.4474
1,1,1,2,2,1,0,1.4508
1,1,1,0,0,0,0,1.4469
1,1,1,2,0,0,0,1.4494
1,1,1,2,2,1,0,1.455
1,1,1,2,2,1,0,1.4578
1,1,1,2,2,1,0,1.4578
1,1,1,2,2,1,0,1.4578
1,1,1,2,2,1,2,1.4586
1,1,1,2,0,0,2,1.4576
1,1,1,2,2,1,2,1.4652
1,1,1,2,2,0,2,1.4628
1,1,1,2,2,1,2,1.4686
1,1,1,2,2,1,2,1.4686
1,1,1,2,2,1,2,1.4686
1,1,1,2,0,0,2,1.4683
1,1,1,2,0,0,2,1.4669
2,2,1,0,0,0,2,1.4563
2,1,1,0,0,0,2,1.4596
2,1,1,0,0,0,2,1.4635
2,1,1,0,0,0,2,1.4635
2,2,1,0,0,0,2,1.4635
2,2,1,0,1,0,2,1.4573
2,2,1,0,1,2,2,1.4501
2,2,1,0,0,0,2,1.4603
2,2,1,0,0,0,2,1.4557
2,2,1,0,0,0,2,1.4579
2,2,1,0,0,0,2,1.4579
2,1,1,0,0,0,2,1.4579
2,2,1,0,0,0,2,1.4582
2,2,1,0,0,0,2,1.4595
2,2,1,0,0,0,2,1.4592
2,2,1,0,1,0,2,1.4546
2,1,1,0,0,0,2,1.4576
2,1,1,0,0,0,2,1.4576
2,2,1,0,0,0,2,1.4576
2,1,1,0,0,0,2,1.4565
2,1,1,0,0,0,2,1.4586
2,1,1,0,2,1,2,1.4625
1,1,1,0,2,1,2,1.4641
2,2,1,0,1,2,0,1.4538
2,2,1,0,1,2,0,1.4538
2,2,1,0,1,2,0,1.4538
2,1,1,0,2,0,0,1.463
2,1,1,0,0,0,0,1.4583
2,1,1,0,0,0,0,1.459
2,1,1,0,0,0,0,1.4599
1,1,1,0,0,0,0,1.4594
1,1,1,0,0,0,0,1.4594
1,2,1,0,0,0,0,1.4594
1,2,1,0,0,0,0,1.4603
1,1,1,0,2,1,0,1.4717
1,1,1,0,2,0,0,1.4697
1,1,1,0,2,0,0,1.4716
1,1,1,0,2,1,0,1.4768
1,1,1,0,2,1,0,1.4768
1,1,1,0,2,1,0,1.4768
1,1,1,0,2,1,0,1.4795
1,1,1,2,2,1,0,1.4912
1,1,1,2,2,1,2,1.4918
1,1,1,2,2,1,2,1.498
1,1,1,2,2,0,2,1.497
1,1,1,2,2,0,2,1.497
1,1,1,2,0,0,2,1.497
1,1,1,2,0,1,2,1.5009
1,1,1,2,2,1,2,1.5081
1,1,1,2,2,1,2,1.5255
1,1,1,2,2,1,2,1.5287
1,1,1,2,2,1,2,1.5328
1,1,1,2,2,1,2,1.5328
1,1,1,2,2,1,2,1.5328
1,1,1,2,0,1,2,1.5328
1,1,1,2,0,1,2,1.5354
1,1,1,2,0,0,2,1.527
1,1,1,2,0,0,2,1.5255
2,1,1,2,0,0,2,1.522
2,1,1,2,0,0,2,1.522
2,2,1,2,0,0,2,1.522
2,1,1,2,2,1,2,1.5435
2,1,1,2,2,1,2,1.5476
1,1,1,2,2,1,2,1.5492
1,1,1,2,2,1,2,1.5522
1,1,1,2,2,1,2,1.553
1,1,1,2,2,1,2,1.553
1,1,1,2,0,1,2,1.553
1,1,1,2,2,1,2,1.569
1,1,1,2,2,1,2,1.575
1,1,1,2,2,0,2,1.5711
1,1,1,2,2,0,2,1.5738
1,1,1,2,2,1,2,1.5768
1,1,1,2,0,1,2,1.5768
1,1,1,2,0,1,2,1.5768
1,1,1,2,0,1,2,1.5792
2,1,1,2,0,0,2,1.5623
2,1,1,2,0,0,2,1.5713
2,1,1,2,2,1,2,1.5841
2,2,1,0,0,0,2,1.5652
2,2,1,0,0,0,2,1.5652
2,2,1,0,0,0,2,1.5652
2,2,1,0,0,0,2,1.5636
2,2,1,0,0,0,2,1.5722
2,2,1,0,0,0,2,1.5629
2,2,1,0,1,2,2,1.5608
2,2,1,0,0,0,2,1.5697
2,1,1,0,0,0,2,1.5697
2,2,1,0,0,0,2,1.5697
2,2,1,0,1,2,0,1.56
2,2,1,0,1,2,0,1.5374
2,2,1,0,1,0,0,1.5382
2,2,1,0,1,2,0,1.5309
2,2,1,0,1,2,0,1.524
2,2,1,0,1,2,0,1.524
2,2,1,1,1,2,0,1.524
2,2,1,0,0,0,1,1.5311
2,2,1,0,0,0,1,1.5383
2,2,1,1,0,0,1,1.5343
2,2,1,0,0,0,1,1.5358
2,2,1,0,0,0,1,1.5386
2,1,1,0,0,0,1,1.5386
2,1,1,0,0,0,1,1.5386
2,2,1,1,0,0,1,1.5266
2,1,1,0,0,0,1,1.5283
2,1,1,0,0,0,1,1.5313
2,2,1,1,1,2,1,1.52
2,2,1,1,1,0,1,1.5201
2,2,1,1,1,0,1,1.5201
2,2,1,1,0,0,1,1.5201
2,2,1,0,0,0,1,1.5211
1,2,1,0,0,0,1,1.5335
1,2,1,0,0,0,1,1.5324
1,1,1,0,2,1,1,1.5487
1,1,1,0,2,1,1,1.5493
1,1,1,0,2,1,1,1.5493
1,1,1,0,2,1,1,1.5493
1,1,1,0,0,0,2,1.5485
1,1,1,0,2,1,2,1.5649
1,1,1,0,2,0,2,1.5636
1,1,1,0,2,1,2,1.5653
1,1,1,0,0,0,2,1.558
1,1,1,0,0,0,2,1.558
1,1,1,2,0,0,2,1.558
1,1,1,0,0,0,2,1.5567
1,1,1,0,0,0,2,1.5552
1,1,1,2,0,0,2,1.5535
1,1,1,2,0,0,2,1.5606
2,1,1,0,0,0,2,1.5506
2,2,1,0,0,0,2,1.5506
2,2,1,0,0,0,2,1.5506
2,2,1,0,1,2,2,1.5402
2,2,1,0,1,0,2,1.5407
2,2,1,0,0,0,2,1.5488
2,2,1,0,0,0,2,1.5576
2,2,1,0,0,0,2,1.5542
2,2,1,0,0,0,2,1.5542
2,1,1,0,0,0,2,1.5542
2,2,1,0,0,0,2,1.5499
1,1,1,0,2,1,2,1.5613
1,1,1,0,0,0,2,1.5572
1,1,1,0,0,0,2,1.558
1,1,1,0,2,0,2,1.5605
1,1,1,0,0,0,2,1.5605
1,1,1,0,0,0,2,1.5605
1,1,1,0,2,1,2,1.5678
1,1,1,0,0,0,2,1.5637
1,1,1,0,2,1,2,1.5697
1,1,1,0,2,1,2,1.5698
1,1,1,0,0,0,2,1.565
1,1,1,0,0,0,2,1.565
1,1,1,0,0,0,2,1.565
1,1,1,0,0,0,2,1.565
2,2,1,0,1,2,2,1.553
2,1,1,0,0,0,2,1.565
2,1,1,0,0,0,2,1.5638
2,2,1,0,0,0,2,1.5612
2,2,1,0,0,0,2,1.5612
2,2,1,0,0,0,2,1.5612
2,2,1,0,1,0,2,1.5574
2,2,1,0,1,2,2,1.5519
2,2,1,0,1,0,2,1.5532
2,2,1,0,1,2,2,1.5498
2,2,1,0,1,2,2,1.5453
2,2,1,0,1,2,2,1.5453
2,2,1,0,1,2,2,1.5453
2,2,1,0,1,2,2,1.543
2,2,1,1,0,0,1,1.5455
2,2,1,0,0,0,1,1.547
2,2,1,0,0,0,1,1.5538
2,2,1,0,0,0,1,1.5502
2,2,1,0,0,0,1,1.5502
2,2,1,0,0,0,1,1.5502
1,1,1,0,2,1,1,1.5592
1,1,1,0,2,0,1,1.5563
1,1,1,0,2,0,1,1.5578
1,1,1,0,2,1,1,1.5645
1,1,1,0,2,0,1,1.5635
1,1,1,0,2,0,1,1.5635
1,1,1,0,0,0,1,1.5635
1,1,1,0,0,0,1,1.5573
1,1,1,0,0,0,1,1.5627
1,1,1,0,0,0,1,1.5641
1,1,1,2,2,1,1,1.5793
1,1,1,2,2,1,1,1.5915
1,1,1,2,2,1,1,1.5915
1,1,1,2,2,1,1,1.5915
1,1,1,2,0,0,1,1.5869
1,1,1,2,0,0,2,1.5897
1,1,1,2,0,0,2,1.5853
1,1,1,0,0,0,2,1.5788
1,1,1,0,0,0,2,1.5798
1,1,1,0,0,0,2,1.5798
2,1,1,0,0,0,2,1.5798
2,1,1,0,0,0,2,1.5814
2,2,1,0,0,0,2,1.5805
2,2,1,0,1,0,2,1.5715
2,2,1,0,0,0,2,1.5809
2,2,1,0,0,0,2,1.5798
2,2,1,0,0,0,2,1.5798
2,2,1,0,0,0,2,1.5798
2,2,1,0,1,2,2,1.5649
2,2,1,0,1,2,2,1.552
2,2,1,0,1,2,2,1.5471
2,2,1,1,1,0,1,1.5505
2,2,1,1,0,0,1,1.5574
2,2,1,1,0,0,1,1.5574
2,2,1,0,0,0,1,1.5574
2,2,1,0,0,0,1,1.5587
2,2,1,0,0,0,1,1.5697
2,2,1,0,0,0,1,1.5699
1,2,1,0,0,0,1,1.5704
1,1,1,0,0,0,1,1.5765
1,1,1,0,0,0,1,1.5765
1,1,1,0,0,0,1,1.5765
1,1,1,0,2,1,1,1.5795
1,1,1,0,0,0,1,1.5713
1,1,1,0,0,0,1,1.5772
1,1,1,0,2,1,1,1.5816
1,1,1,0,2,1,1,1.5894
1,1,1,0,2,1,1,1.5894
1,1,1,0,2,1,1,1.5894
1,1,1,2,2,1,2,1.5909
1,1,1,2,2,1,2,1.5995
1,1,1,2,2,1,2,1.6038
1,1,1,2,2,1,2,1.6039
1,1,1,2,2,0,2,1.602
1,1,1,2,0,0,2,1.602
1,1,1,2,0,0,2,1.602
1,1,1,0,0,0,2,1.5931
1,1,1,2,0,0,2,1.5961
2,1,1,0,0,0,2,1.5952
2,1,1,0,0,0,2,1.5999
2,1,1,2,0,0,2,1.6038
2,1,1,2,0,0,2,1.6038
2,1,1,0,0,0,2,1.6038
2,2,1,2,0,0,2,1.6036
1,1,1,2,2,1,2,1.6094
1,1,1,2,2,1,2,1.6102
2,2,1,0,1,0,2,1.5941
2,1,1,0,2,1,2,1.6104
2,1,1,0,2,1,2,1.6104
2,1,1,0,0,1,2,1.6104
2,1,1,0,0,0,2,1.6082
2,2,1,0,0,0,2,1.6036
2,1,1,0,2,1,2,1.6127
2,1,1,0,0,0,2,1.6066
2,1,1,0,0,0,2,1.6069
2,2,1,0,0,0,2,1.6069
2,2,1,0,0,0,2,1.6069
2,1,1,0,1,0,2,1.5998
2,2,1,0,0,0,2,1.6049
2,2,1,0,0,0,2,1.6052
2,2,1,0,0,0,2,1.6102
2,1,1,0,2,1,2,1.6127
2,1,1,0,2,1,2,1.6127
2,1,1,0,0,1,2,1.6127
2,1,1,0,0,0,2,1.6077
1,1,1,0,2,1,2,1.618
1,1,1,0,2,1,2,1.6205
1,1,1,0,2,1,2,1.6219
1,1,1,0,2,1,2,1.6332
1,1,1,0,2,1,2,1.6332
1,1,1,0,2,1,2,1.6332
1,1,1,2,2,1,2,1.6364
1,1,1,2,2,1,2,1.6407
1,1,1,2,2,1,2,1.6475
1,1,1,2,2,1,2,1.654
1,1,1,2,0,0,2,1.6473
1,1,1,2,0,0,2,1.6473
1,1,1,2,0,0,2,1.6473
1,1,1,2,0,0,2,1.6439
1,1,1,2,0,0,2,1.6487
2,1,1,0,0,0,2,1.6398
2,1,1,0,0,0,2,1.6379
2,2,1,0,1,2,2,1.6318
2,2,1,0,1,2,2,1.6318
2,2,1,0,1,2,2,1.6318
2,2,1,0,1,2,2,1.6256
2,2,1,0,1,2,2,1.6185
2,2,1,0,1,2,2,1.6151
2,2,1,0,1,0,1,1.619
2,2,1,0,1,2,1,1.6147
2,2,1,0,1,2,1,1.6147
2,2,1,0,0,2,1,1.6147
2,2,1,1,1,2,1,1.5976
2,2,1,1,1,2,0,1.5898
2,2,1,1,1,0,1,1.5971
2,2,1,1,1,0,1,1.5931
2,2,1,1,1,2,1,1.5788
2,2,1,1,1,2,1,1.5788
2,2,1,1,1,2,1,1.5788
2,2,1,1,0,0,1,1.5873
2,2,1,1,1,2,1,1.5734
2,2,1,1,0,0,1,1.5838
2,2,1,1,0,0,1,1.58
2,2,1,1,0,2,1,1.5725
2,2,1,1,0,2,1,1.5725
2,2,1,1,0,2,1,1.5725
2,2,1,0,0,0,1,1.5785
1,1,1,0,0,0,1,1.5811
1,1,1,0,2,1,1,1.6012
1,1,1,0,2,1,1,1.6035
1,1,1,0,2,0,1,1.6027
1,1,1,0,2,0,1,1.6027
1,1,1,0,0,0,1,1.6027
1,1,1,0,0,0,1,1.6012
1,1,1,0,0,1,1,1.6074
1,1,1,0,2,1,1,1.6126
1,1,1,0,0,0,1,1.6007
1,1,1,0,0,0,1,1.5825
1,1,1,0,0,0,1,1.5825
2,2,1,0,0,0,1,1.5825
2,2,1,0,1,2,1,1.569
2,2,1,0,1,2,1,1.5657
2,2,1,0,1,0,1,1.5669
2,2,1,0,1,0,1,1.5659
2,2,1,0,0,2,1,1.565
2,2,1,0,0,2,1,1.565
2,2,1,0,0,2,1,1.565
2,2,1,0,0,0,1,1.5658
2,2,1,0,0,0,1,1.5741
2,2,2,0,0,0,1,1.5745
1,2,2,0,0,0,1,1.5746
1,2,2,1,0,2,1,1.5646
1,2,2,1,0,2,1,1.5646
1,2,2,1,0,2,1,1.5646
1,1,2,1,0,0,1,1.5728
1,1,2,0,2,1,1,1.5827
1,1,2,0,2,0,1,1.5799
1,1,2,0,0,0,1,1.5675
1,1,2,0,0,0,1,1.5723
1,2,2,0,0,0,1,1.5723
1,2,2,0,0,0,1,1.5723
1,2,2,0,1,2,1,1.5577
2,2,2,0,1,2,1,1.5544
2,2,2,0,1,0,1,1.5548
2,1,2,0,0,0,1,1.5646
1,2,2,0,0,0,1,1.5719
1,2,2,0,0,0,1,1.5719
1,2,2,0,0,0,1,1.5719
1,1,2,0,0,0,1,1.5687
1,2,2,0,0,0,1,1.571
1,2,2,0,0,0,1,1.5687
1,1,2,0,2,1,1,1.5798
1,1,2,0,0,0,1,1.571
1,1,2,0,0,0,1,1.571
1,1,2,0,0,0,1,1.571
1,1,2,0,0,0,1,1.5727
1,2,2,0,0,0,1,1.5623
1,1,2,0,2,0,1,1.5765
1,1,2,0,2,1,1,1.5848
1,1,2,0,2,1,1,1.5918
1,1,2,0,2,1,1,1.5918
1,1,2,0,2,1,1,1.5918
1,1,2,2,2,1,1,1.593
1,1,2,0,0,0,1,1.5878
1,1,2,0,2,1,1,1.596
1,1,2,0,2,1,1,1.5976
1,1,2,0,2,1,1,1.6106
1,1,2,0,2,1,1,1.6106
1,1,2,0,0,0,2,1.6029
1,1,2,0,0,0,2,1.6062
1,1,1,2,2,1,2,1.6152
1,1,1,0,0,0,2,1.594
1,1,1,0,0,0,2,1.602
1,1,1,0,0,0,2,1.6051
1,1,1,0,0,0,2,1.6051
1,1,1,0,0,0,2,1.6083
1,1,1,2,0,0,2,1.6095
2,2,1,0,0,0,2,1.609
1,1,1,0,2,1,2,1.6159
1,1,1,0,2,1,2,1.6198
1,1,1,0,2,1,2,1.621
1,1,1,0,2,1,2,1.621
1,1,1,0,2,1,2,1.6255
1,1,1,2,2,1,2,1.633
1,1,1,2,2,1,2,1.6421
1,1,1,0,2,0,2,1.6344
1,1,1,0,0,0,2,1.6334
1,1,1,0,0,0,2,1.6349
1,1,1,0,0,0,2,1.6349
1,1,1,0,0,0,2,1.6334
1,1,1,0,0,0,2,1.6397
1,1,1,2,0,0,2,1.6382
2,1,1,2,0,0,2,1.6378
1,1,1,2,2,1,2,1.6533
2,1,1,0,0,0,2,1.6358
2,2,1,0,0,0,2,1.6358
2,2,1,0,1,0,2,1.6259
2,1,1,0,0,0,2,1.6356
2,2,1,0,1,0,2,1.6283
2,2,1,0,0,0,2,1.6316
2,1,1,0,2,1,2,1.6606
1,1,1,0,2,1,2,1.6608
1,1,1,0,2,1,2,1.6608
1,1,1,0,0,0,2,1.6582
1,2,1,0,0,0,2,1.6447
2,1,1,0,0,0,2,1.6512
1,1,1,0,2,1,2,1.6665
1,1,1,0,2,1,2,1.6678
1,1,1,0,2,1,2,1.6723
1,1,1,0,0,1,2,1.6723
1,1,1,0,0,1,2,1.674
1,1,1,0,2,1,2,1.6775
1,1,1,0,2,1,2,1.6825
1,1,1,0,0,0,2,1.6791
1,1,1,0,0,0,2,1.6776
2,1,1,0,0,0,2,1.6617
2,1,1,0,0,0,2,1.6617
2,2,1,0,0,0,2,1.6604
2,2,1,0,0,0,2,1.6661
2,2,1,0,0,0,2,1.6621
2,1,1,0,0,0,2,1.6731
2,2,1,0,0,0,2,1.6606
2,2,1,0,1,2,2,1.6492
2,2,1,0,1,2,2,1.6492
2,2,1,0,1,2,2,1.6491
2,2,1,0,0,0,2,1.6554
2,1,1,0,0,0,2,1.663
2,1,1,0,0,0,2,1.665
2,1,1,0,0,0,2,1.6694
2,1,1,0,0,0,2,1.6672
2,1,1,0,0,0,2,1.6672
2,2,1,0,0,0,2,1.6665
2,2,1,0,1,2,2,1.6489
2,2,1,0,1,2,2,1.6347
2,2,1,0,1,0,2,1.6355
2,2,1,0,1,2,2,1.6341
2,2,1,0,1,2,2,1.6312
2,2,1,0,1,2,2,1.6312
2,2,1,0,1,2,2,1.6269
2,2,1,1,1,2,2,1.6101
2,2,1,1,1,2,2,1.5926
2,2,1,1,1,0,1,1.5979
2,2,1,1,1,0,1,1.5959
2,2,1,1,1,2,1,1.5901
2,2,1,1,1,2,1,1.5901
2,2,1,1,1,2,1,1.5782
2,2,1,1,0,0,1,1.5978
2,2,1,1,0,0,1,1.596
2,2,1,1,0,0,1,1.6078
1,2,1,0,0,0,1,1.613
1,1,1,0,0,0,1,1.6207
1,1,1,0,0,0,1,1.6207
1,1,2,0,0,0,1,1.619
1,1,2,0,2,1,1,1.6247
1,1,2,0,0,0,1,1.6237
1,1,2,0,0,0,1,1.6158
1,1,2,0,0,0,1,1.6099
1,1,2,0,0,0,1,1.611
1,1,2,0,0,0,1,1.611
1,1,2,0,0,0,1,1.6106
1,2,2,0,0,0,1,1.6111
1,2,2,0,0,0,1,1.6128
1,2,2,0,0,0,1,1.6088
1,2,2,0,0,0,1,1.6149
1,2,2,0,1,2,1,1.605
1,2,2,0,1,2,1,1.605
1,2,2,0,1,2,1,1.6
1,2,2,0,0,0,1,1.6063
2,2,2,0,1,0,1,1.6015
1,2,2,0,0,0,1,1.6061
1,2,2,0,0,0,1,1.6026
2,2,2,0,1,2,1,1.5962
2,2,2,0,1,2,1,1.5962
2,2,2,0,1,0,1,1.5978
2,2,2,1,1,2,1,1.5892
2,2,2,0,1,2,1,1.5871
2,2,2,0,0,0,1,1.5928
2,2,2,0,1,2,1,1.5788
2,2,2,1,1,2,1,1.574
2,2,2,1,1,2,1,1.574
2,2,2,1,1,2,1,1.5697
2,2,2,1,1,2,1,1.5671
2,2,2,1,1,0,1,1.569
2,2,2,1,0,0,1,1.5671
2,2,2,0,0,0,1,1.5775
2,2,2,0,0,0,1,1.5771
1,2,2,0,0,0,1,1.5771
1,2,2,0,0,0,1,1.5789
1,2,2,0,0,0,1,1.5716
1,2,2,1,1,2,1,1.5665
1,2,2,0,0,0,1,1.5699
1,1,2,0,2,1,1,1.5809
1,1,2,0,2,1,1,1.5882
1,1,2,0,2,1,1,1.5882
1,1,2,0,2,0,1,1.5875
1,1,2,0,0,0,1,1.5835
1,1,2,0,2,1,1,1.5903
1,1,2,0,2,0,1,1.59
1,1,2,0,2,1,1,1.5934
1,1,2,0,2,1,1,1.602
1,1,2,2,2,1,1,1.602
1,1,2,2,2,1,1,1.6041
1,1,2,2,2,0,2,1.6016
1,2,2,0,0,0,2,1.5872
1,1,2,0,2,1,2,1.6073
1,1,2,0,2,1,2,1.6163
1,1,2,2,2,1,2,1.636
1,1,2,2,2,1,2,1.636
1,1,2,2,2,1,2,1.6486
1,1,2,2,2,0,2,1.6485
1,1,2,2,2,1,2,1.6494
1,1,1,2,2,1,2,1.6546
1,1,1,2,2,1,2,1.6573
1,1,1,2,0,1,2,1.658
1,1,1,2,0,1,2,1.658
1,1,1,2,0,1,2,1.659
1,1,1,2,0,1,2,1.6629
1,1,1,2,0,0,2,1.6615
1,1,1,2,0,1,2,1.6667
1,1,1,2,2,1,2,1.6681
1,1,1,2,0,0,2,1.6629
2,1,1,2,0,0,2,1.6629
2,1,1,2,0,0,2,1.6608
2,1,1,2,2,1,2,1.673
2,1,1,2,0,0,2,1.6631
2,1,1,2,0,0,2,1.6636
2,1,1,2,0,0,2,1.6645
2,1,1,2,0,0,2,1.6634
2,1,1,0,0,0,2,1.6634
2,2,1,0,0,0,2,1.6639
2,2,1,0,0,0,2,1.6618
2,1,1,0,2,0,2,1.6706
2,1,1,0,0,0,2,1.6665
2,1,1,0,2,0,2,1.6723
2,1,1,0,2,1,2,1.6778
2,1,1,0,2,1,2,1.6778
2,1,1,0,2,0,2,1.6777
2,1,1,0,0,0,2,1.6712
2,1,1,0,0,0,2,1.6731
2,1,1,0,2,1,2,1.6953
1,1,1,0,2,1,2,1.6958
1,1,1,0,2,0,2,1.6944
1,1,1,2,2,0,2,1.6944
1,1,1,0,2,1,2,1.6962
1,1,1,2,0,0,2,1.6932
1,1,1,2,0,1,2,1.6968
1,1,1,2,0,1,2,1.6974
2,1,1,2,0,0,2,1.6952
2,1,1,2,0,0,2,1.696
2,1,1,2,0,0,2,1.696
2,1,1,2,0,0,2,1.6958
2,2,1,0,1,0,2,1.6757
2,2,1,0,1,0,2,1.6828
2,2,1,0,1,2,2,1.6731
2,2,1,0,1,2,2,1.6672
2,2,1,0,0,0,2,1.6761
2,2,1,0,0,0,2,1.6761
2,2,1,0,0,0,2,1.6733
2,2,1,0,1,2,2,1.6663
2,2,1,0,0,2,2,1.6655
2,2,1,0,0,0,2,1.6762
2,2,1,0,0,0,2,1.6875
2,1,1,0,0,0,2,1.6877
2,1,1,0,0,0,2,1.6877
1,1,1,0,2,0,2,1.6917
1,1,1,0,2,0,2,1.6909
1,1,1,0,2,1,2,1.7042
1,1,1,0,2,0,2,1.6978
1,1,1,0,2,0,2,1.7033
1,1,1,0,2,1,2,1.7046
1,1,1,0,2,1,2,1.7046
1,1,1,0,0,1,2,1.7048
1,1,1,0,0,0,2,1.6974
1,1,1,0,0,0,2,1.697
1,1,1,2,2,1,2,1.7107
1,1,1,2,2,1,2,1.7139
1,1,1,2,2,1,2,1.7215
1,1,1,2,2,1,2,1.7215
1,1,1,2,2,1,2,1.7238
1,1,1,2,0,0,2,1.7187
1,1,1,2,2,1,2,1.7293
1,1,1,2,2,0,2,1.7269
1,1,1,0,0,0,2,1.7198
1,1,1,2,2,0,2,1.7293
1,1,1,0,0,0,2,1.7293
1,1,1,0,0,0,2,1.7287
1,1,1,0,2,1,2,1.7331
1,1,1,2,2,1,2,1.7448
1,1,1,0,2,0,2,1.7392
1,1,1,2,2,1,2,1.7457
1,1,1,2,2,0,2,1.7454
1,1,1,2,2,0,2,1.7454
1,1,1,2,0,0,2,1.7387
1,1,1,2,0,1,2,1.7466
1,1,1,2,2,1,2,1.7541
1,1,1,2,2,1,2,1.7648
1,1,1,2,2,1,2,1.7706
1,1,1,0,2,0,2,1.7648
1,1,1,0,2,0,2,1.7648
1,1,1,2,0,0,2,1.7621
1,1,1,0,0,0,2,1.7631
2,1,1,0,0,0,2,1.7633
1,1,1,2,2,1,2,1.7743
1,1,1,2,2,1,2,1.7746
1,1,1,2,0,0,2,1.771
2,1,1,2,0,0,2,1.771
2,1,1,2,0,0,2,1.7721
2,1,1,0,0,0,2,1.7735
2,1,1,2,2,1,2,1.7772
2,1,1,2,2,1,2,1.7855
2,1,1,2,2,0,2,1.7847
1,1,1,2,2,1,2,1.7929
1,1,1,2,2,1,2,1.7929
1,1,1,2,2,1,2,1.7946
1,1,1,2,2,1,2,1.8065
1,1,1,2,2,1,2,1.8202
1,1,1,2,2,0,2,1.8173
1,1,1,2,2,1,2,1.8331
1,1,1,2,2,1,2,1.8474
1,1,1,2,2,1,2,1.8474
1,1,1,2,2,0,2,1.8469
1,1,1,2,0,0,2,1.8454
1,1,1,2,0,1,2,1.8482
1,1,1,2,0,0,2,1.8323
2,1,1,2,0,0,2,1.8245
2,2,1,0,0,0,2,1.7979
2,2,1,0,0,0,2,1.7979
2,2,1,0,0,0,2,1.7994
2,2,1,0,1,2,2,1.7824
2,2,1,0,0,0,2,1.8183
2,2,1,0,0,0,2,1.8322
2,2,1,0,0,0,2,1.8431
2,2,1,0,0,0,2,1.8257
2,2,1,0,0,0,2,1.8257
2,2,1,0,0,0,2,1.8236
2,2,1,0,0,0,2,1.8145
2,1,1,0,0,0,2,1.8261
2,1,1,0,0,0,2,1.8144
2,1,1,0,0,0,2,1.816
2,1,1,0,0,0,2,1.8238
2,1,1,0,0,0,2,1.8238
2,2,1,0,0,0,2,1.8243
2,2,1,0,0,0,2,1.8212
2,1,1,0,2,0,2,1.8371
2,1,1,0,0,0,2,1.8317
1,1,1,0,2,0,2,1.8358
1,1,1,0,2,1,2,1.8471
1,1,1,0,2,1,2,1.8471
1,1,1,0,2,0,2,1.8442
1,1,1,0,2,1,2,1.8591
1,1,1,0,2,1,2,1.8667
1,1,1,0,2,1,2,1.8919
1,1,1,2,2,1,2,1.8922
1,1,1,2,2,0,2,1.885
1,1,1,2,0,0,2,1.885
1,1,1,2,0,0,2,1.8839
1,1,1,2,0,0,2,1.8881
1,1,1,2,2,1,2,1.9049
1,1,1,2,0,0,2,1.892
1,1,1,2,0,0,2,1.8985
2,1,1,0,0,0,2,1.8612
2,2,1,0,0,0,2,1.8612
2,2,1,0,0,0,2,1.8592
2,2,1,0,0,0,2,1.8678
2,1,1,0,0,0,2,1.8893
2,2,1,0,0,0,2,1.8718
2,2,1,0,0,0,2,1.8626
2,2,1,0,0,0,2,1.8681
2,2,1,0,0,0,2,1.8681
2,2,1,0,0,0,2,1.8738
2,2,1,0,0,0,2,1.8676
2,2,1,0,1,2,2,1.8377
2,2,1,0,1,2,2,1.8273
2,2,1,0,1,2,2,1.8224
2,2,1,0,0,0,2,1.8458
2,2,1,0,0,0,2,1.8458
2,2,1,0,0,0,2,1.8461
2,2,1,0,0,0,2,1.8522
2,2,1,0,1,0,2,1.8256
2,2,1,1,1,2,2,1.8028
2,2,1,0,1,0,2,1.8094
2,2,1,0,1,0,2,1.8033
2,2,1,0,1,0,2,1.8033
2,2,1,0,1,2,2,1.7986
2,2,1,1,0,0,1,1.8038
2,2,1,0,0,0,1,1.8123
2,2,1,0,0,0,1,1.8163
1,2,1,0,0,0,1,1.8346
1,2,1,0,0,0,1,1.8332
1,1,1,0,0,0,1,1.8332
1,1,1,0,0,0,1,1.8332
1,1,1,0,2,0,1,1.847
1,1,1,0,2,1,1,1.8514
1,1,1,0,0,0,1,1.825
1,1,1,0,0,0,1,1.8073
1,1,1,0,0,0,1,1.8158
1,1,1,0,0,0,1,1.8158
2,2,1,0,0,0,1,1.8136
1,2,1,0,0,0,1,1.819
1,2,1,0,0,0,1,1.8263
1,1,1,0,0,0,1,1.8422
1,1,1,0,2,1,1,1.8545
1,2,1,0,0,0,1,1.8286
1,2,1,0,0,0,1,1.8286
1,1,1,0,0,0,1,1.828
1,1,1,0,0,0,1,1.8233
1,1,1,0,0,0,1,1.8421
1,1,1,0,0,0,1,1.8397
1,1,1,0,0,0,1,1.8307
1,1,1,0,0,0,1,1.833
1,1,1,0,0,0,1,1.833
1,2,1,0,0,0,1,1.833
1,2,1,0,0,0,1,1.8389
2,2,1,0,1,2,1,1.8165
2,2,1,0,1,2,1,1.7875
2,2,1,0,1,0,1,1.7884
2,2,1,0,1,0,1,1.7981
2,2,1,0,0,0,1,1.7981
2,2,1,0,0,0,1,1.7992
2,2,1,0,0,0,1,1.8063
2,2,1,0,1,2,1,1.7809
2,2,1,1,1,2,1,1.7684
2,2,1,0,1,0,1,1.7745
2,2,1,0,1,0,1,1.7713
2,2,1,0,0,0,1,1.7713
2,2,1,0,0,0,1,1.7685
2,2,1,0,0,0,1,1.7851
2,2,1,0,0,0,1,1.7917
2,2,1,0,0,2,1,1.7683
2,2,1,0,0,0,1,1.7712
1,2,1,0,0,0,1,1.7786
1,2,1,0,0,0,1,1.7786
1,1,2,0,0,0,1,1.7789
1,2,2,0,0,0,1,1.7715
1,1,2,0,2,1,1,1.7958
1,1,2,0,2,0,1,1.7916
1,1,2,0,2,0,1,1.7942
1,1,2,0,0,0,1,1.7876
1,2,2,0,0,0,1,1.7876
1,1,2,0,0,0,1,1.7842
1,1,2,0,0,0,1,1.7766
1,2,2,0,1,2,1,1.7608
1,2,2,0,0,0,1,1.7721
2,2,2,0,1,2,1,1.7589
2,2,2,0,1,0,1,1.7611
2,2,2,0,1,0,1,1.7611
2,2,2,0,1,2,1,1.7574
2,2,2,0,0,0,1,1.768
2,2,2,0,0,0,1,1.7659
1,2,2,0,0,0,1,1.7821
1,2,2,0,0,0,1,1.7747
1,1,2,0,2,1,1,1.7885
1,1,2,0,2,1,1,1.7885
1,1,2,0,0,0,1,1.7868
1,1,2,0,2,1,1,1.7916
1,1,2,0,2,1,1,1.8129
1,1,2,0,2,0,2,1.8127
1,1,2,0,2,1,2,1.8385
1,1,2,0,2,0,2,1.832
1,1,2,0,2,0,2,1.832
1,1,2,0,0,0,2,1.832
1,1,2,2,0,0,2,1.8311
1,1,2,2,0,1,2,1.8395
1,1,2,2,0,0,2,1.8338
1,1,1,2,0,0,2,1.8382
1,1,1,2,0,1,2,1.8408
1,1,1,2,0,1,2,1.8408
1,1,1,2,0,1,2,1.8443
1,1,1,2,0,0,2,1.8406
1,1,1,2,0,0,2,1.8403
2,2,1,2,0,0,2,1.8276
2,1,1,2,0,0,2,1.8394
2,2,1,0,1,2,2,1.8193
2,2,1,0,1,2,2,1.8193
2,2,1,0,1,2,2,1.8171
2,2,1,0,1,2,2,1.8145
2,2,1,0,0,0,2,1.8315
2,2,1,0,0,0,2,1.8257
2,2,1,0,0,0,2,1.834
2,2,1,0,0,0,2,1.8381
2,2,1,0,0,0,2,1.8381
2,1,1,0,0,0,2,1.8381
2,2,1,0,0,0,2,1.8336
2,1,1,0,0,0,2,1.82
2,2,1,0,0,0,2,1.8154
2,1,1,0,0,0,2,1.8229
2,1,1,0,0,0,2,1.827
2,2,1,0,0,0,2,1.827
2,1,1,0,0,0,2,1.8259
2,2,1,0,0,0,2,1.8297
2,2,1,0,1,2,2,1.8064
2,2,1,0,0,0,2,1.8218
2,2,1,0,0,0,2,1.8196
2,2,1,0,0,0,2,1.8309
2,1,1,0,0,0,2,1.8309
1,1,1,0,0,0,2,1.8344
1,1,1,0,0,0,2,1.8309
1,1,1,0,2,1,2,1.8434
1,1,1,0,2,1,2,1.8545
1,1,1,0,2,0,2,1.8519
1,1,1,0,2,1,2,1.8598
1,1,1,0,2,1,2,1.8598
1,1,1,0,2,1,2,1.8618
1,1,1,0,0,0,2,1.8604
1,1,1,0,0,0,2,1.8576
1,1,1,0,0,0,2,1.8561
1,1,1,0,0,0,2,1.8511
1,1,1,0,2,1,2,1.8732
1,1,1,0,2,1,2,1.8732
1,1,1,0,2,1,2,1.8755
1,1,1,2,0,0,2,1.8665
2,2,1,0,0,0,2,1.8494
2,2,1,0,1,2,2,1.8385
2,2,1,0,1,0,2,1.844
2,2,1,0,1,2,2,1.8318
2,2,1,0,1,2,2,1.8318
2,2,1,0,1,0,2,1.8331
2,2,1,0,0,0,2,1.8394
2,2,1,0,1,2,2,1.8229
2,2,1,0,1,0,1,1.8236
2,2,1,0,1,2,1,1.818
2,2,1,0,0,0,1,1.8195
2,2,1,0,0,0,1,1.8195
2,2,1,0,0,0,1,1.8223
2,2,1,0,0,0,1,1.8247
2,2,1,0,0,0,1,1.8235
2,2,1,0,0,0,1,1.8251
2,2,1,1,0,0,1,1.8227
1,1,1,0,2,1,1,1.8414
1,1,1,0,2,1,1,1.8414
1,1,1,0,2,1,1,1.842
1,1,1,0,0,0,1,1.8399
1,1,1,0,0,0,1,1.8276
1,1,1,0,0,0,1,1.8322
1,2,1,0,0,0,1,1.822
1,1,1,0,2,1,1,1.8436
1,1,1,0,0,1,1,1.8436
1,1,1,0,0,1,1,1.8436
1,1,1,0,0,0,1,1.8393
1,2,1,0,0,0,1,1.829
2,2,1,0,1,0,1,1.8224
2,2,1,0,0,0,1,1.831
2,2,1,0,1,2,1,1.8183
2,2,1,0,1,2,1,1.8183
2,2,1,0,1,2,1,1.8168
2,2,1,0,1,2,1,1.8083
2,2,1,0,1,2,1,1.7908
2,2,1,0,1,0,1,1.7955
2,2,2,0,1,0,1,1.7954
2,2,2,0,1,2,1,1.7896
2,2,2,0,1,2,1,1.7896
2,2,2,0,0,0,1,1.7898
2,2,2,0,0,0,1,1.7946
2,2,2,0,0,0,1,1.8027
2,2,2,0,0,0,1,1.7933
2,2,2,1,0,0,1,1.7911
2,2,2,1,1,2,1,1.7766
2,2,2,1,1,2,1,1.7766
2,2,2,1,1,2,1,1.7759
2,2,2,1,0,0,1,1.7802
2,2,2,1,1,2,1,1.7739
2,2,2,0,0,0,1,1.7865
1,2,2,0,0,0,1,1.7874
1,1,2,0,2,0,1,1.7981
1,2,2,0,0,0,1,1.7981
1,1,2,0,0,0,1,1.7974
1,1,2,0,0,0,1,1.7976
1,1,2,0,0,0,1,1.7971
1,2,2,0,0,0,1,1.7763
1,1,2,0,0,0,1,1.7931
1,1,2,0,0,0,1,1.7925
1,1,2,0,0,0,1,1.7925
1,1,2,0,0,0,1,1.7915
1,2,2,0,0,0,1,1.7846
1,2,2,0,0,0,1,1.7956
1,2,2,0,0,0,1,1.7935
1,1,2,0,0,0,1,1.7974
1,1,2,0,2,1,1,1.8056
1,1,2,0,2,1,1,1.8056
1,1,2,0,2,0,1,1.8047
1,1,2,0,2,1,1,1.8113
1,1,2,0,2,1,2,1.8126
1,1,2,0,0,0,2,1.7997
1,1,2,0,2,1,2,1.8126
1,1,2,0,0,0,2,1.7991
1,1,2,0,0,0,2,1.7991
1,1,2,0,0,0,2,1.7948
2,2,2,0,1,2,2,1.7836
2,2,2,0,1,0,2,1.7839
2,2,2,0,1,2,2,1.7794
2,2,2,0,1,0,1,1.7816
2,2,2,0,0,0,1,1.7944
2,2,2,0,0,0,1,1.7944
2,2,2,0,0,0,1,1.7948
1,2,2,0,0,0,1,1.7974
2,2,2,0,0,0,1,1.7906
1,2,2,0,0,0,1,1.794
1,1,2,0,0,0,1,1.7952
1,1,2,0,2,1,1,1.8041
1,1,2,0,2,1,1,1.8041
1,1,2,0,2,0,1,1.8036
1,1,2,0,0,0,1,1.7961
1,1,2,0,0,0,1,1.8027
1,1,2,0,2,1,1,1.817
1,1,2,0,2,1,1,1.8265
1,1,2,0,2,1,1,1.8287
1,1,2,0,2,1,1,1.8287
1,1,2,2,2,1,1,1.833
1,1,2,2,2,1,2,1.8404
1,1,2,2,0,0,2,1.8351
1,1,2,2,0,0,2,1.8275
1,1,1,0,0,0,2,1.8301
1,1,1,2,0,0,2,1.8376
1,1,1,2,0,0,2,1.8376
1,1,1,2,0,1,2,1.8408
1,1,1,2,0,0,2,1.832
1,1,1,2,0,0,2,1.8387
1,1,1,2,2,1,2,1.8474
1,1,1,0,2,0,2,1.8436
1,1,1,2,2,1,2,1.8545
1,1,1,2,2,1,2,1.8545
1,1,1,2,2,1,2,1.8555
1,1,1,2,2,0,2,1.8542
1,1,1,2,0,0,2,1.8549
2,1,1,0,0,0,2,1.8462
2,1,1,0,0,0,2,1.8421
2,1,1,0,0,1,2,1.8563
2,1,1,0,0,1,2,1.8563
2,1,1,0,0,0,2,1.8561
2,1,1,0,0,0,2,1.846
2,2,1,0,0,0,2,1.8533
2,1,1,0,0,1,2,1.8586
2,2,1,0,0,0,2,1.8481
2,2,1,0,0,0,2,1.8529
2,2,1,0,0,0,2,1.8529
2,1,1,0,0,0,2,1.857
2,1,1,0,2,1,2,1.8593
2,1,1,0,2,1,2,1.8683
1,1,1,0,2,1,2,1.8805
1,1,1,0,2,1,2,1.8914
1,1,1,0,2,1,2,1.8938
1,1,1,0,2,1,2,1.8938
1,1,1,0,2,0,2,1.8912
1,1,1,0,0,0,2,1.8919
1,1,1,2,2,1,2,1.9091
1,1,1,2,2,1,2,1.9325
1,1,1,2,2,0,2,1.9236
1,1,1,2,2,1,2,1.9436
1,1,1,2,2,1,2,1.9436
1,1,1,2,2,0,2,1.9435
1,1,1,2,0,0,2,1.9362
1,1,1,2,0,1,2,1.9443
1,1,1,2,0,0,2,1.9367
1,1,1,2,0,0,2,1.923
2,1,1,0,0,0,2,1.9147
2,1,1,0,0,0,2,1.9147
2,2,1,0,0,0,2,1.9106
2,2,1,0,0,0,2,1.9233
2,2,1,0,0,0,2,1.9268
2,2,1,0,0,0,2,1.942
2,2,1,0,0,0,2,1.9308
2,1,1,0,0,0,2,1.9415
2,2,1,0,0,0,2,1.9415
2,1,1,0,0,0,2,1.9414
2,1,1,0,0,1,2,1.9465
2,1,1,0,0,0,2,1.9285
2,2,1,0,0,0,2,1.9145
2,1,1,0,0,0,2,1.9234
2,1,1,0,0,0,2,1.9236
2,2,1,0,0,0,2,1.9236
2,2,1,0,0,0,2,1.9235
2,1,1,0,0,0,2,1.9342
2,2,1,0,0,0,2,1.9268
2,2,1,0,1,0,2,1.9172
2,2,1,0,0,0,2,1.9233
2,2,1,0,0,0,2,1.9181
2,2,1,0,0,0,2,1.9181
2,1,1,0,0,0,2,1.9189
2,2,1,0,1,2,2,1.904
2,2,1,1,1,2,2,1.8825
2,2,1,0,1,0,1,1.8847
2,2,1,1,1,2,1,1.8758
2,2,1,1,1,2,1,1.8707
2,2,1,1,1,2,1,1.8707
2,2,1,1,0,0,1,1.8709
2,2,1,1,0,0,1,1.8767
2,2,1,0,0,0,1,1.8781
2,2,1,0,0,0,1,1.8903
2,2,1,0,0,0,1,1.8803
2,2,1,1,0,2,1,1.8703
2,2,1,1,0,2,1,1.8703
2,2,1,1,0,2,1,1.8696
2,2,1,1,1,2,1,1.8568
2,2,1,1,1,0,1,1.8627
2,2,1,1,0,0,1,1.8701
2,2,1,1,0,0,1,1.8699
1,1,1,0,0,0,1,1.8767
1,2,1,0,0,0,1,1.8767
1,2,1,0,0,0,1,1.8767
1,2,1,0,0,0,1,1.8785
1,2,1,0,1,0,1,1.8629
1,1,1,0,0,0,1,1.8813
1,1,1,0,2,1,1,1.8902
1,1,1,0,2,0,1,1.8878
1,1,1,0,2,0,1,1.8878
1,1,1,0,0,0,2,1.8854
1,1,1,0,0,0,2,1.8836
1,1,1,0,0,0,2,1.8827
1,1,1,0,0,0,2,1.8841
1,1,1,0,0,0,2,1.8816
1,2,1,0,0,0,2,1.8757
1,1,1,0,0,0,2,1.8757
1,2,1,0,0,0,2,1.8729
2,2,1,0,1,2,2,1.8575
2,2,1,0,1,2,2,1.8533
2,2,1,0,1,0,2,1.8587
2,2,1,0,0,0,2,1.8676
2,2,1,0,0,0,2,1.8682
2,2,1,0,0,0,2,1.8682
2,2,1,0,0,0,2,1.869
1,1,1,0,2,1,2,1.8865
1,1,1,0,2,1,2,1.8947
1,1,1,0,0,0,2,1.8839
1,1,1,0,2,0,2,1.8943
1,1,1,0,2,0,2,1.894
1,1,1,0,0,0,2,1.894
1,1,1,0,0,0,2,1.893
1,1,1,0,0,1,2,1.8961
1,1,1,0,2,1,2,1.9106
1,1,1,0,2,0,2,1.9058
1,1,1,0,2,0,2,1.907
1,1,1,0,2,1,2,1.9192
1,1,1,0,2,1,2,1.9192
1,1,1,2,2,0,2,1.9187
1,1,1,2,0,0,2,1.9186
1,1,1,2,0,0,2,1.9182
1,1,1,2,0,0,2,1.9124
1,1,1,0,0,0,2,1.9063
1,1,1,2,2,1,2,1.9225
1,1,1,2,0,1,2,1.9225
1,1,1,0,0,1,2,1.9233
1,1,1,0,0,0,2,1.9144
1,1,1,2,2,1,2,1.928
1,1,1,0,0,0,2,1.922
2,1,1,0,0,0,2,1.9231
2,1,1,0,2,0,2,1.9258
2,1,1,0,0,0,2,1.9258
2,1,1,0,0,0,2,1.927
2,1,1,0,0,0,2,1.9131
2,2,1,0,0,0,2,1.9126
2,1,1,0,0,0,2,1.9267
2,1,1,0,0,0,2,1.9245
2,1,1,0,0,0,2,1.9219
2,2,1,0,0,0,2,1.9219
2,2,1,0,0,0,2,1.9191
2,2,1,0,1,2,2,1.8951
2,2,1,0,1,2,2,1.8851
2,2,1,0,1,2,2,1.87
2,2,1,1,1,2,2,1.8679
2,2,1,1,1,0,2,1.8703
2,2,1,1,1,0,2,1.8703
2,2,1,0,0,0,2,1.8688
2,2,1,1,0,2,1,1.866
2,2,1,1,0,0,1,1.8748
2,2,1,0,0,0,1,1.8789
2,2,1,0,0,0,1,1.887
2,2,1,0,0,0,1,1.8818
2,2,1,0,0,0,1,1.8818
2,1,1,0,0,0,1,1.8776
1,1,1,0,0,0,1,1.8763
1,1,1,1,0,0,1,1.8793
1,1,1,1,0,0,1,1.8788
1,1,1,1,0,0,1,1.8692
1,1,1,0,2,0,1,1.8854
1,1,1,0,2,0,1,1.8854
1,1,1,0,0,0,1,1.8823
1,1,1,0,2,1,1,1.8913
1,1,1,0,2,0,1,1.889
1,1,1,0,2,1,1,1.8934
1,1,1,0,0,0,1,1.8806
1,1,1,0,2,0,1,1.8927
1,1,1,0,2,0,1,1.8927
1,1,1,0,0,0,1,1.8934
1,1,1,0,2,1,1,1.9004
1,1,1,0,2,1,1,1.9163
1,1,1,0,2,1,1,1.9185
1,1,1,0,2,0,1,1.9075
1,1,1,0,2,0,1,1.9139
1,1,1,0,0,0,1,1.9139
1,1,1,0,0,0,1,1.9143
1,1,1,0,0,0,1,1.9108
1,1,1,0,0,0,1,1.9051
1,1,1,0,0,0,1,1.9046
1,1,1,0,0,0,1,1.9076
1,1,1,0,0,0,1,1.9086
2,2,1,0,0,0,1,1.9086
2,2,1,0,0,0,1,1.9041
2,2,1,0,1,2,1,1.8931
2,2,1,0,1,2,1,1.8924
2,2,1,0,0,0,1,1.9003
2,2,1,0,0,0,1,1.9
2,2,1,0,1,2,1,1.8911
2,2,1,0,1,2,1,1.8911
2,2,1,0,1,2,1,1.8895
2,2,1,1,1,2,1,1.8815
2,2,1,1,1,0,1,1.884
2,2,1,1,1,2,1,1.8719
2,2,1,1,1,2,1,1.8626
2,2,1,1,1,2,1,1.8505
2,2,2,1,1,2,1,1.8505
2,2,2,1,1,2,1,1.8474
2,2,2,1,1,2,1,1.8369
2,2,2,1,1,2,1,1.832
2,2,2,1,0,0,1,1.8388
2,2,2,1,0,0,1,1.8344
2,2,2,1,0,2,1,1.8283
2,2,2,1,0,2,1,1.8283
2,2,2,1,0,2,1,1.8246
2,2,2,1,0,0,1,1.8289
2,2,2,1,0,0,1,1.8254
2,2,2,1,0,0,1,1.8321
2,2,2,1,1,2,1,1.8204
2,2,2,1,0,0,1,1.824
1,2,2,1,0,0,1,1.824
1,2,2,1,1,0,1,1.8209
1,2,2,1,0,0,1,1.8227
1,2,2,1,1,2,1,1.817
1,2,2,1,1,2,1,1.8102
1,2,2,0,1,0,1,1.8151
1,2,2,0,0,0,1,1.8155
1,2,2,0,0,0,1,1.8155
1,2,2,0,1,0,1,1.8129
1,1,2,0,0,0,1,1.8225
1,1,2,0,2,1,1,1.8343
1,2,2,0,0,0,1,1.8239
1,1,2,0,0,0,1,1.8214
1,2,2,0,0,0,1,1.8122
1,2,2,0,0,0,1,1.8122
1,1,2,0,0,0,1,1.8116
1,2,2,0,1,2,1,1.8028
1,2,2,0,1,0,1,1.806
1,1,2,0,0,0,1,1.8211
1,1,2,0,0,0,1,1.8204
1,1,2,0,2,0,1,1.8309
1,2,2,0,2,0,1,1.8309
1,1,2,0,0,0,1,1.8254
1,2,2,0,0,0,1,1.8207
1,1,2,0,0,0,1,1.8286
1,1,2,0,0,0,1,1.8211
1,1,2,0,0,0,1,1.8156
1,1,2,0,0,0,1,1.8246
1,1,2,0,0,0,1,1.8246
1,1,2,0,0,0,1,1.8231
1,1,2,0,0,0,1,1.8274
1,2,2,0,0,0,1,1.8164
2,2,2,0,1,2,1,1.8065
2,2,2,0,1,2,1,1.7895
2,2,2,0,1,2,1,1.7673
2,2,2,0,1,2,1,1.7673
2,2,2,0,1,2,1,1.7621
2,2,2,0,1,2,1,1.7612
2,2,2,1,1,2,1,1.7574
2,2,2,1,1,2,1,1.7533
2,2,2,1,1,2,1,1.7422
2,2,2,1,1,2,1,1.7378
2,2,2,1,0,2,1,1.7378
2,2,2,1,0,2,1,1.7375
2,2,2,1,0,0,1,1.7549
2,1,2,0,0,0,1,1.7746
1,2,2,0,0,0,1,1.7604
1,2,2,1,0,0,1,1.7569
1,2,2,1,0,0,1,1.7518
1,2,2,1,0,0,1,1.7518
1,2,2,1,0,0,1,1.7521
1,1,2,1,0,0,1,1.7482
1,2,2,1,1,2,1,1.7367
1,1,2,0,0,0,1,1.7402
1,1,2,0,0,0,1,1.7534
1,2,2,0,0,0,1,1.7387
1,2,2,0,0,0,1,1.7387
1,2,2,0,0,0,1,1.7389
1,2,2,0,0,0,1,1.7434
1,2,2,0,0,0,1,1.7373
1,2,2,0,0,0,1,1.7435
1,1,2,0,0,0,1,1.7546
1,1,2,0,2,1,1,1.7576
1,1,2,0,2,1,1,1.7576
1,1,2,0,0,0,1,1.755
1,1,2,0,2,1,1,1.7681
1,1,2,0,2,1,1,1.771
1,1,2,0,2,1,1,1.7781
1,1,2,0,2,1,1,1.78
1,1,2,0,2,0,2,1.7779
1,1,2,0,0,0,2,1.7779
1,1,2,0,0,0,2,1.7742
1,1,2,2,2,1,2,1.7853
1,1,2,2,2,1,2,1.7865
1,1,2,2,2,1,2,1.7964
1,1,2,2,2,1,2,1.8101
1,1,2,2,2,1,2,1.8149
1,1,2,2,2,1,2,1.8149
1,1,2,2,2,1,2,1.816
1,1,2,2,0,0,2,1.8081
1,1,2,2,0,0,2,1.8091
1,1,2,2,0,0,2,1.8037
1,1,2,0,0,0,2,1.7931
2,1,2,0,0,0,2,1.7947
2,1,2,2,0,0,2,1.7947
2,2,2,0,0,0,2,1.7949
2,2,2,0,0,0,2,1.8011
2,2,2,0,0,0,2,1.8002
2,2,2,0,0,0,2,1.7982
2,2,2,0,0,0,2,1.7989
2,2,2,0,0,0,2,1.8005
2,2,2,0,0,0,2,1.8005
2,1,2,0,0,0,2,1.8078
2,1,2,0,0,0,2,1.7954
2,2,2,0,1,2,2,1.7846
2,1,2,0,0,0,2,1.8031
1,1,2,0,2,1,2,1.8314
1,1,2,0,2,1,2,1.8419
1,1,2,0,2,1,2,1.8419
1,1,2,0,2,0,2,1.8384
1,1,2,0,2,0,2,1.8404
1,1,2,0,0,0,2,1.8402
1,1,2,0,0,0,2,1.8366
1,1,2,0,0,0,2,1.8374
1,1,2,2,0,0,2,1.8394
1,1,2,2,0,0,2,1.8394
1,1,2,0,0,1,2,1.8423
2,2,2,0,0,0,2,1.8214
2,2,2,0,0,0,2,1.8232
2,2,2,0,0,0,2,1.822
2,2,2,0,1,2,2,1.8066
2,2,2,0,1,0,2,1.8085
2,2,2,0,1,0,2,1.8085
2,2,2,0,1,2,2,1.802
2,2,2,0,1,0,1,1.8032
2,2,2,0,1,2,1,1.797
2,2,2,0,0,0,1,1.8128
2,2,2,1,1,2,1,1.7904
2,2,2,1,1,2,1,1.7754
2,2,2,1,1,2,1,1.7754
2,2,2,1,1,2,1,1.7727
2,2,2,1,1,0,1,1.7777
2,2,2,1,1,2,1,1.7663
2,2,2,1,1,0,1,1.768
2,2,2,1,1,2,1,1.7583
2,2,2,1,0,0,1,1.7652
2,2,2,1,0,0,1,1.7652
2,2,2,1,0,0,1,1.7619
2,2,2,1,1,2,1,1.7549
2,2,2,1,0,0,1,1.7586
2,2,2,0,0,0,1,1.7676
1,1,2,0,0,0,1,1.7764
1,2,2,0,0,0,1,1.7607
1,2,2,0,0,0,1,1.7607
1,2,2,0,0,0,1,1.7599
1,2,2,0,1,2,1,1.7539
2,2,2,1,1,2,1,1.7429
2,2,2,0,0,0,1,1.7523
1,2,2,0,0,0,1,1.754
1,1,2,0,0,0,1,1.7685
1,1,2,0,0,0,1,1.7685
1,2,2,0,0,0,1,1.7636
1,2,2,0,0,0,1,1.7517
1,2,2,0,1,0,1,1.7464
1,1,2,0,0,0,1,1.7639
1,1,2,0,2,0,1,1.7759
1,1,2,0,0,0,1,1.7684
1,1,2,0,0,0,1,1.7684
1,1,2,0,0,0,1,1.7658
1,1,2,0,0,0,1,1.7663
1,1,2,0,2,1,1,1.7828
1,1,2,0,0,0,1,1.7754
1,1,2,0,2,1,1,1.7835
1,1,2,0,0,0,1,1.774
1,1,2,0,0,0,1,1.774
1,1,2,0,0,0,1,1.7746
1,2,2,0,0,0,1,1.7683
1,2,2,0,0,0,1,1.7643
1,1,2,0,0,0,1,1.7757
1,1,2,0,0,0,1,1.7708
2,2,2,0,1,2,1,1.7489
2,2,2,0,1,2,1,1.7489
2,2,2,0,1,2,1,1.7479
2,2,2,0,1,2,1,1.7428
2,2,2,0,1,2,1,1.7424
2,2,2,0,0,0,1,1.7434
2,2,2,0,0,2,1,1.7392
2,2,2,0,0,0,1,1.7414
2,2,2,0,0,0,1,1.7414
2,2,2,0,0,0,1,1.7419
2,2,2,1,0,2,1,1.7371
2,2,2,1,0,2,1,1.736
2,2,2,1,1,2,1,1.7183
2,2,2,1,1,0,1,1.7193
2,2,2,1,1,2,1,1.7173
2,2,2,1,1,2,1,1.7173
2,2,2,1,1,2,1,1.7166
2,2,2,1,0,2,1,1.7154
2,2,2,1,0,0,1,1.7208
2,2,2,1,0,0,1,1.7215
2,2,2,1,0,0,1,1.722
2,2,2,1,0,2,1,1.7143
1,2,2,1,0,2,1,1.7143
1,2,2,1,0,2,1,1.7141
1,1,2,0,0,0,1,1.7277
1,2,2,0,0,0,1,1.7165
1,1,2,0,2,1,1,1.7298
1,1,2,0,2,1,1,1.7324
1,1,2,0,2,1,1,1.7325
1,1,2,0,2,1,1,1.7325
1,1,2,0,0,0,1,1.7319
1,1,2,0,2,1,1,1.7411
1,1,2,0,2,1,1,1.7419
1,1,2,0,0,0,1,1.7344
1,1,2,0,2,1,1,1.7514
1,1,2,0,2,1,1,1.7545
1,1,2,0,2,1,1,1.7545
1,1,2,0,0,0,2,1.7509
1,1,2,2,2,1,2,1.7743
1,1,2,2,2,0,2,1.7695
1,1,2,2,2,0,2,1.7709
1,1,2,2,0,0,2,1.7647
1,1,2,2,2,0,2,1.7728
1,1,2,2,0,0,2,1.7728
1,1,2,0,0,0,2,1.7718
1,1,2,2,0,0,2,1.7623
1,1,2,0,0,0,2,1.7559
2,2,2,0,1,0,2,1.7438
2,2,2,0,1,2,2,1.7371
2,2,2,0,1,2,2,1.7334
2,2,2,0,1,2,2,1.7334
2,2,2,0,1,0,2,1.7337
2,2,2,0,1,2,2,1.7305
2,2,2,0,0,2,1,1.7293
2,2,2,0,1,2,1,1.7191
2,2,2,0,0,0,1,1.7246
2,2,2,0,0,0,1,1.7226
2,2,2,0,0,0,1,1.7226
2,2,2,1,0,0,1,1.7226
2,2,2,1,0,2,1,1.7186
2,1,2,0,2,0,1,1.748
1,1,2,0,2,1,1,1.7565
1,1,2,0,2,0,1,1.7547
1,1,2,0,2,1,1,1.7704
1,1,2,0,2,1,1,1.7704
1,1,2,0,2,0,1,1.7683
1,1,2,0,0,0,2,1.7639
1,1,2,0,0,0,2,1.7639
1,1,2,0,0,0,2,1.7662
1,1,2,0,0,0,2,1.7604
1,1,2,0,0,1,2,1.7766
1,1,2,0,0,1,2,1.7766
1,1,2,2,0,1,2,1.7774
1,1,2,0,0,0,2,1.7661
1,2,2,2,0,0,2,1.7666
1,2,2,0,0,0,2,1.7616
2,2,2,0,1,0,2,1.7565
2,1,2,0,0,0,2,1.7706
2,1,2,0,0,0,2,1.7706
2,1,2,2,0,0,2,1.7725
1,1,1,0,2,1,2,1.7861
1,1,1,0,2,0,2,1.7829
1,1,1,0,2,0,2,1.7835
1,1,1,0,0,0,2,1.7809
2,1,1,0,0,0,2,1.7671
2,1,1,0,0,0,2,1.7671
2,1,1,0,0,0,2,1.7691
2,1,1,0,0,0,2,1.7665
2,1,1,0,0,0,2,1.7781
2,1,1,0,0,0,2,1.7744
2,1,1,0,0,0,2,1.778
2,2,1,0,1,2,2,1.7626
2,2,1,0,1,2,2,1.7626
2,2,1,0,0,2,2,1.7625
2,2,1,0,1,2,2,1.7465
2,2,1,0,1,2,1,1.7463
2,2,1,0,1,2,1,1.7409
2,2,2,0,1,0,1,1.7444
2,2,2,0,1,0,1,1.744
2,2,2,0,0,0,1,1.744
2,2,2,1,0,0,1,1.7434
2,2,2,1,0,0,1,1.7431
2,2,2,1,0,2,1,1.7355
2,2,2,1,0,0,1,1.7397
2,2,2,0,0,0,1,1.7389
2,2,2,0,0,0,1,1.7418
2,2,2,0,0,0,1,1.7418
2,1,2,0,0,0,1,1.742
2,2,2,1,0,0,1,1.7439
1,1,2,1,0,0,1,1.7454
1,2,2,1,0,0,1,1.7436
1,1,2,0,2,1,1,1.7515
1,1,2,0,0,0,1,1.7455
1,1,2,0,0,0,1,1.7455
1,2,2,0,0,0,1,1.7396
1,1,2,0,0,0,1,1.7394
1,1,2,0,2,1,1,1.7536
1,1,2,0,2,0,1,1.7494
1,1,2,0,2,0,1,1.753
1,1,2,0,2,1,1,1.7553
1,1,2,0,2,1,1,1.7553
1,1,2,0,2,1,1,1.7587
1,2,2,0,0,0,1,1.7493
1,2,2,0,1,2,1,1.7358
2,2,2,0,1,0,1,1.7362
2,2,2,0,1,2,1,1.7352
2,2,2,0,1,2,1,1.7259
2,2,2,0,1,2,1,1.7259
2,2,2,0,1,0,1,1.7271
2,2,2,0,0,0,1,1.7353
2,2,2,0,0,0,1,1.7464
1,2,2,0,0,0,1,1.747
1,2,2,0,0,0,1,1.7563
1,1,2,0,0,0,1,1.7562
1,1,2,0,0,0,1,1.7562
1,1,2,0,0,0,1,1.7548
1,1,2,0,0,0,1,1.7551
1,1,2,0,0,0,1,1.7487
1,1,2,0,0,0,1,1.7463
2,1,2,0,0,0,1,1.7336
2,1,2,0,0,0,1,1.7421
2,2,2,0,0,0,1,1.7421
2,2,2,0,0,0,1,1.7427
2,2,2,0,0,0,1,1.7467
2,2,2,0,0,0,1,1.7425
2,2,2,0,1,0,1,1.7349
2,2,2,0,0,0,1,1.7469
2,2,2,0,0,0,1,1.7369
2,2,2,0,0,0,1,1.7369
2,2,2,0,0,0,1,1.7356
2,1,2,0,0,0,1,1.7397
1,1,2,0,2,1,1,1.7539
1,1,2,0,2,0,1,1.7515
1,1,2,0,2,0,1,1.7507
1,2,2,0,0,0,1,1.7415
1,2,2,0,0,0,1,1.7415
1,1,2,0,0,0,1,1.7425
1,2,2,0,0,0,1,1.7428
1,1,2,0,0,0,1,1.7496
1,1,2,0,0,0,1,1.7495
1,1,2,0,0,0,1,1.7513
1,1,2,0,0,0,1,1.7506
1,2,2,0,0,0,1,1.7506
1,1,2,0,2,1,1,1.7553
1,1,2,0,2,1,1,1.7699
1,1,2,2,2,1,1,1.7823
1,1,1,2,2,1,1,1.7907
1,1,1,2,2,0,1,1.7777
1,1,1,2,2,0,1,1.7816
1,1,1,2,0,0,1,1.7816
1,1,1,2,0,0,1,1.7869
1,1,1,0,0,0,1,1.7856
1,1,1,2,0,0,1,1.7876
1,1,1,0,0,0,2,1.7848
1,1,1,2,2,1,2,1.8014
1,1,1,2,2,1,2,1.8251
1,1,1,2,2,1,2,1.8251
1,1,1,2,2,0,2,1.8236
1,1,1,2,2,0,2,1.823
1,1,1,2,2,1,2,1.8363
1,1,1,2,2,1,2,1.8405
1,1,1,2,2,1,2,1.8512
1,1,1,2,2,1,2,1.8589
1,1,1,2,2,1,2,1.8589
1,1,1,2,2,1,2,1.8622
1,1,1,2,0,0,2,1.8576
1,1,1,2,0,1,2,1.8658
1,1,1,2,0,0,2,1.8581
1,1,1,2,2,1,2,1.8845
1,1,1,2,2,1,2,1.894
1,1,1,2,2,1,2,1.894
1,1,1,2,2,1,2,1.8988
1,1,1,2,0,0,2,1.8776
1,1,1,2,0,0,2,1.8858
2,1,1,2,0,0,2,1.8818
2,1,1,2,0,0,2,1.8944
2,1,1,0,0,0,2,1.8774
2,1,1,0,0,0,2,1.8774
2,1,1,0,0,0,2,1.876
2,2,1,0,0,0,2,1.8845
2,2,1,0,0,0,2,1.8785
2,2,1,0,1,0,2,1.8692
2,2,1,0,0,0,2,1.8738
2,2,1,0,1,2,2,1.8583
2,2,1,0,1,2,2,1.8583
2,2,1,0,1,0,2,1.8588
2,2,1,0,1,0,2,1.8583
2,1,1,0,0,0,2,1.881
2,2,1,0,0,0,2,1.8708
2,2,1,0,0,0,2,1.8664
2,2,1,0,0,0,2,1.8813
2,1,1,0,0,0,2,1.8813
2,1,1,0,0,0,2,1.8834
2,2,1,0,0,0,2,1.8711
2,1,1,0,0,0,2,1.8604
2,2,1,0,0,2,2,1.857
2,2,1,0,1,2,2,1.843
2,2,1,0,1,2,2,1.8403
2,2,1,0,1,2,2,1.8403
2,2,1,0,1,2,2,1.8379
2,2,1,0,0,0,1,1.8401
2,2,1,0,1,2,1,1.8341
2,2,1,0,0,0,1,1.8438
2,2,1,0,0,0,1,1.851
2,2,1,0,0,0,1,1.8501
2,2,1,0,0,0,1,1.8501
2,2,1,0,0,0,1,1.8517
2,2,1,0,0,0,1,1.84
2,1,1,0,0,0,1,1.8446
2,1,1,0,0,0,1,1.8461
2,2,1,1,1,2,1,1.8277
2,2,1,1,1,2,1,1.8187
2,2,1,1,1,2,1,1.8187
2,2,1,1,1,0,1,1.8199
2,2,1,0,0,0,1,1.8252
2,2,1,0,0,0,1,1.821
2,2,1,0,0,2,1,1.8172
2,2,1,0,0,0,1,1.8273
1,1,1,0,0,0,1,1.8498
1,1,1,0,0,0,1,1.8498
1,1,1,0,0,0,1,1.8473
1,1,1,0,0,0,2,1.8427
1,1,1,0,0,0,2,1.8432
1,1,1,0,0,0,2,1.835
1,1,1,0,0,0,2,1.8371
1,1,1,0,0,1,2,1.8506
1,1,1,0,0,1,2,1.8506
1,1,1,0,0,0,2,1.85
1,1,1,0,0,0,2,1.8422
1,2,1,0,0,0,2,1.8445
1,2,1,0,0,0,2,1.8332
1,2,1,0,0,0,2,1.8431
1,2,1,0,0,0,2,1.8382
1,2,1,0,0,0,2,1.8382
2,1,1,0,0,0,2,1.8377
2,2,1,0,1,2,2,1.8198
2,2,1,0,1,0,2,1.8249
2,2,1,0,0,0,2,1.8422
1,2,1,0,0,0,2,1.8479
1,1,1,0,2,1,2,1.8576
1,1,1,0,2,1,2,1.8576
1,1,1,0,2,1,2,1.8588
1,1,1,0,0,0,2,1.849
1,1,1,0,0,0,2,1.8406
1,1,1,0,0,0,2,1.8534
1,1,1,0,0,0,2,1.8562
1,1,1,0,2,1,2,1.8626
1,1,1,0,0,1,2,1.8626
1,1,1,0,0,1,2,1.864
1,1,1,0,2,1,2,1.8674
1,1,1,0,2,1,2,1.8764
1,1,1,0,2,1,2,1.8773
1,1,1,0,2,1,2,1.8863
1,1,1,2,2,1,2,1.9073
1,1,1,2,2,1,2,1.9073
1,1,1,2,2,1,2,1.9078
1,1,1,2,2,0,2,1.9043
1,1,1,2,0,0,2,1.8999
1,1,1,2,0,0,2,1.905
1,1,1,0,0,0,2,1.8935
1,1,1,0,0,0,2,1.8903
2,1,1,0,0,0,2,1.8903
2,1,1,2,0,0,2,1.8922
2,1,1,2,0,0,2,1.8883
2,2,1,2,0,0,2,1.893
2,2,1,2,0,0,2,1.8964
2,2,1,0,1,2,2,1.885
2,2,1,0,1,2,2,1.8811
2,2,1,0,1,2,2,1.8811
2,2,1,0,1,0,2,1.8821
2,2,1,0,0,0,2,1.8906
2,2,1,0,0,0,2,1.8868
2,1,1,0,0,0,2,1.8922
2,2,1,0,0,0,2,1.8871
2,2,1,0,0,0,2,1.8868
2,2,1,0,0,0,2,1.8868
2,2,1,0,0,0,2,1.8865
2,1,1,0,2,0,2,1.8947
2,1,1,0,2,1,2,1.8984
1,1,1,0,2,1,2,1.9037
1,1,1,0,2,0,2,1.9034
1,1,1,0,2,1,2,1.9049
1,1,1,0,2,1,2,1.9049
1,1,1,0,2,1,2,1.9063
1,1,1,0,0,0,2,1.905
2,1,1,0,0,0,2,1.8936
2,2,1,0,0,2,2,1.8853
2,2,1,0,1,2,2,1.8748
2,2,1,0,1,2,2,1.8654
2,2,1,0,1,2,2,1.8654
2,2,1,0,1,0,2,1.8671
2,2,1,0,1,0,1,1.8666
2,2,1,0,0,0,1,1.873
2,2,1,0,0,0,1,1.8775
2,2,1,0,0,0,1,1.8855
2,2,1,0,0,0,1,1.8793
2,2,1,0,0,0,1,1.8793
2,2,1,0,0,0,1,1.8778
2,1,1,0,0,0,1,1.8816
1,1,1,0,0,0,1,1.8811
1,1,1,0,2,1,1,1.8883
1,1,1,0,2,1,1,1.9027
1,1,1,0,2,0,1,1.899
1,1,1,0,2,0,1,1.899
1,1,1,0,2,0,1,1.9009
1,1,1,0,2,0,2,1.901
1,1,1,0,0,0,2,1.8954
1,1,1,0,0,0,2,1.8899
2,2,1,0,1,2,2,1.8751
2,2,1,0,1,2,2,1.8722
2,2,1,0,1,2,2,1.8722
2,2,1,0,0,2,2,1.8721
2,2,1,0,0,0,2,1.8865
2,2,1,0,0,0,2,1.8862
2,2,1,0,0,0,2,1.8864
2,2,1,0,0,0,2,1.8785
2,2,1,0,1,2,2,1.8699
2,2,1,0,0,2,2,1.8699
2,2,1,0,0,2,2,1.8699
2,2,1,0,0,2,2,1.8663
2,2,1,0,1,2,2,1.8536
2,2,1,1,1,0,2,1.8545
2,2,1,1,1,0,1,1.8589
2,2,1,1,1,0,1,1.8552
2,2,1,1,0,0,1,1.8552
2,2,1,1,0,0,1,1.854
2,2,1,0,0,0,1,1.8611
2,2,1,0,0,0,1,1.8697
1,2,1,0,0,0,1,1.8674
1,1,1,0,2,0,1,1.877
1,1,1,0,2,1,1,1.8836
1,1,1,0,2,1,1,1.8836
1,1,1,0,2,0,1,1.8823
1,1,1,0,0,0,1,1.8723
1,1,1,0,0,0,1,1.8723
1,1,1,0,0,0,1,1.8785
1,1,1,0,2,1,1,1.8891
1,1,1,0,2,1,1,1.8976
1,1,1,0,2,1,1,1.8976
1,1,1,0,2,0,2,1.8961
1,1,1,2,2,1,2,1.8993
1,1,1,2,2,1,2,1.9078
1,1,1,2,2,0,2,1.9069
1,1,1,2,2,0,2,1.9077
1,1,1,2,0,0,2,1.901
1,1,1,2,0,0,2,1.901
1,1,1,2,0,0,2,1.9015
1,1,1,0,0,0,2,1.898
1,1,1,2,0,0,2,1.9053
1,1,1,0,0,0,2,1.9046
1,1,1,0,0,0,2,1.9064
1,1,1,0,2,1,2,1.9103
1,1,1,0,2,1,2,1.9103
1,1,1,2,2,1,2,1.9114
2,2,1,2,0,0,2,1.9047
2,2,1,0,1,2,2,1.8957
2,2,1,0,1,2,2,1.8888
2,2,1,0,1,2,2,1.8878
2,2,1,0,0,0,2,1.8937
2,2,1,0,0,0,2,1.8937
2,2,1,0,0,0,2,1.894
2,2,1,0,0,0,2,1.8968
2,2,1,0,0,0,2,1.899
2,1,1,0,2,1,2,1.914
1,1,1,0,2,1,2,1.9156
1,1,1,0,2,1,2,1.9322
1,1,1,0,2,1,2,1.9322
1,1,1,2,2,1,2,1.9393
1,1,1,0,2,0,2,1.9379
1,1,1,2,2,1,2,1.9528
1,1,1,0,2,0,2,1.9456
1,1,1,2,2,1,2,1.966
1,1,1,2,2,1,2,1.9794
1,1,1,2,2,1,2,1.9794
1,1,1,2,2,1,2,1.9817
1,1,1,2,2,0,2,1.9803
1,1,1,2,0,0,2,1.973
1,1,1,2,0,0,2,1.9659
1,1,1,2,0,0,2,1.9624
2,1,1,2,0,0,2,1.9546
2,1,1,2,0,0,2,1.9546
2,1,1,2,0,0,2,1.9539
2,2,1,2,0,0,2,1.9597
2,2,1,2,0,0,2,1.9708
2,2,1,0,0,0,2,1.9673
2,2,1,0,0,0,2,1.9617
2,2,1,0,1,2,2,1.952
2,2,1,0,0,2,2,1.952
2,2,1,0,0,0,2,1.9522
2,2,1,0,1,2,2,1.9475
2,1,1,0,2,0,2,1.9708
2,1,1,0,0,0,2,1.9652
2,1,1,0,0,0,2,1.962
2,2,1,0,0,0,2,1.9578
2,2,1,0,0,0,2,1.9578
2,2,1,0,0,0,2,1.9588
2,2,1,0,0,0,2,1.9587
2,1,1,0,0,0,2,1.9552
2,1,1,0,0,0,2,1.9564
2,1,1,0,0,0,2,1.9617
2,1,1,0,0,0,2,1.9585
2,2,1,0,0,0,2,1.9585
2,2,1,0,0,0,2,1.958
2,1,1,0,0,0,2,1.9633
2,1,1,0,2,1,2,1.9729
2,2,1,0,1,2,2,1.9517
2,2,1,0,1,2,2,1.9426
2,2,1,0,1,2,2,1.929
2,2,1,0,1,2,2,1.929
2,2,1,0,1,0,2,1.9293
2,2,1,0,0,0,2,1.9399
2,2,1,0,0,0,2,1.9388
2,2,1,0,0,0,2,1.9319
2,2,1,0,0,0,2,1.944
2,2,1,0,0,0,2,1.9588
1,2,1,0,0,0,2,1.9588
1,1,1,0,0,0,2,1.9599
1,1,1,0,0,0,2,1.964
1,1,1,0,0,0,2,1.9607
1,1,1,0,2,1,2,1.9702
1,1,1,0,2,1,2,1.9739
1,1,1,0,0,0,2,1.9733
1,1,1,0,0,0,2,1.9733
1,1,1,0,0,0,2,1.9736
1,1,1,0,0,1,2,1.9765
1,1,1,0,2,1,2,1.9818
1,1,1,0,0,0,2,1.9677
1,1,1,0,0,0,2,1.9649
2,2,1,0,0,2,2,1.9581
2,2,1,0,0,2,2,1.9581
2,2,1,0,0,0,2,1.961
2,2,1,0,0,0,2,1.9611
2,2,1,0,0,0,1,1.9617
2,2,1,0,0,0,1,1.963
2,2,1,0,0,0,1,1.9666
2,2,1,0,0,0,1,1.9658
2,2,1,0,0,0,1,1.9658
2,2,1,0,0,0,1,1.9654
2,2,1,0,0,0,1,1.9605
2,1,1,0,0,0,1,1.9707
1,1,1,0,2,1,1,1.971
2,2,1,0,0,0,1,1.9583
2,2,1,0,1,2,1,1.9489
2,2,1,0,1,2,1,1.9489
2,2,1,0,1,0,1,1.9533
2,2,1,1,1,2,1,1.9467
2,2,1,0,1,2,1,1.9454
2,2,1,0,0,0,1,1.9645
2,2,1,0,0,0,1,1.9512
2,2,1,0,0,0,1,1.9493
2,2,1,0,0,0,1,1.9493
2,2,1,0,0,0,1,1.9524
2,2,1,0,0,0,1,1.9504
2,1,1,0,0,0,1,1.9558
2,1,1,0,0,0,1,1.9532
1,1,1,0,0,0,1,1.9561
1,1,1,0,2,0,1,1.9634
1,1,1,0,2,0,1,1.9634
1,2,1,0,2,0,1,1.9641
1,1,1,0,0,0,1,1.9634
1,1,1,0,0,0,1,1.9623
1,1,1,0,0,0,1,1.9635
1,1,1,0,0,0,1,1.9571
2,2,1,0,1,2,1,1.9429
2,2,1,0,1,2,1,1.9429
2,2,1,0,1,2,1,1.9342
2,2,1,0,1,2,1,1.9205
2,2,1,0,1,0,1,1.9347
2,2,1,0,1,0,1,1.9295
2,2,1,0,0,0,1,1.9293
2,2,1,0,0,0,1,1.9318
2,2,1,0,0,0,1,1.9318
2,2,1,0,0,0,0,1.9376
2,2,1,0,0,0,0,1.932
2,2,1,0,0,0,0,1.9284
2,2,1,0,0,0,0,1.9384
1,1,1,0,0,0,0,1.9384
1,1,1,0,0,0,0,1.9412
1,1,1,0,0,0,0,1.9412
1,1,1,0,2,0,0,1.9411
1,1,1,0,2,1,0,1.9459
1,1,1,0,2,1,0,1.9611
1,1,1,0,2,1,0,1.968
1,1,1,0,2,0,2,1.9646
1,1,1,0,2,0,2,1.9614
1,1,1,0,0,0,2,1.9614
1,1,1,2,0,0,2,1.9598
1,1,1,2,0,1,2,1.9683
1,1,1,2,0,0,2,1.9653
1,1,1,2,0,0,2,1.9626
1,1,1,0,0,0,2,1.9624
1,1,1,2,0,0,2,1.9671
1,1,1,0,0,0,2,1.9671
1,2,1,2,0,0,2,1.9678
1,1,1,2,2,1,2,1.9779
1,1,1,2,2,0,2,1.9732
1,1,1,2,2,0,2,1.9757
1,1,1,0,0,0,2,1.9702
1,2,1,0,0,0,2,1.9654
2,1,1,0,0,0,2,1.9654
2,1,1,0,0,0,2,1.9644
2,2,1,0,1,2,2,1.9618
2,1,1,0,0,0,2,1.9719
2,1,1,0,2,0,2,1.9754
1,1,1,0,2,1,2,1.9794
1,1,1,0,2,1,2,1.986
1,1,1,0,2,1,2,1.986
1,1,1,0,2,1,2,1.9883
1,1,1,0,2,1,2,1.9886
1,1,1,2,2,1,2,2.0066
1,1,1,2,2,1,2,2.0087
1,1,1,2,2,0,2,2.0034
1,1,1,2,0,0,2,2.0023
1,1,1,2,0,0,2,2.0023
1,1,1,0,0,0,2,2.0034
1,1,1,0,0,0,2,2.001
1,1,1,0,0,0,2,2.0025
1,1,1,2,0,0,2,2.0017
2,1,1,0,0,0,2,1.9904
2,1,1,2,0,0,2,1.9983
2,2,1,2,0,0,2,1.9983
2,2,1,0,0,0,2,1.9936
2,2,1,0,0,0,2,1.9998
2,2,1,0,0,0,2,1.9985
2,2,1,0,1,2,2,1.99
2,2,1,0,1,2,2,1.9874
2,2,1,0,1,2,2,1.9799
2,2,1,0,1,2,2,1.9799
2,2,1,0,0,0,2,1.9936
2,1,1,0,0,0,2,1.9929
2,2,1,0,0,0,2,1.9892
2,2,1,0,0,0,2,1.9929
2,2,1,0,1,2,2,1.9788
2,2,1,0,1,0,2,1.9806
2,2,1,0,0,0,2,1.9806
2,2,1,0,0,0,2,1.9834
2,2,1,0,0,0,2,1.9795
2,1,1,0,0,0,2,1.9852
2,2,1,0,0,2,2,1.9776
2,2,1,0,1,2,2,1.9745
2,2,1,0,1,2,1,1.9741
2,2,1,0,0,2,1,1.9741
2,2,1,0,0,0,1,1.9745
2,2,1,0,1,2,1,1.9714
2,2,1,0,0,0,1,1.9741
2,1,1,0,2,0,1,1.9862
1,1,1,0,0,0,1,1.9845
1,1,1,0,0,0,1,1.9832
1,2,1,0,0,0,1,1.9832
1,1,1,0,0,0,1,1.9835
1,1,1,0,0,0,1,1.9831
1,1,1,0,0,0,1,1.9805
1,1,1,0,0,0,1,1.9758
1,1,1,0,0,0,1,1.9793
1,1,1,0,0,0,1,1.9815
1,1,1,0,0,0,1,1.9815
1,2,1,0,0,0,1,1.9822
1,1,1,0,2,1,1,1.9914
1,1,1,0,2,1,1,1.9927
1,1,1,0,2,0,2,1.9924
1,2,1,0,1,0,2,1.978
2,2,1,0,1,2,2,1.97
2,2,1,0,1,2,2,1.97
2,2,1,0,1,2,2,1.9667
2,2,1,0,1,0,2,1.9691
2,2,1,0,0,0,2,1.9741
2,2,1,0,0,0,2,1.9723
2,2,1,0,0,0,2,1.969
2,2,1,0,0,0,2,1.9772
2,2,1,0,0,0,2,1.9772
1,2,1,0,0,0,2,1.9774
1,1,1,0,0,0,2,1.9835
1,1,1,0,2,0,2,1.9875
1,1,1,0,2,1,2,1.9925
1,1,1,0,2,0,2,1.9921
1,1,1,0,2,1,2,1.9981
1,1,1,0,2,1,2,1.9981
1,1,1,0,2,1,2,1.9991
1,1,1,0,0,0,2,1.998
1,1,1,0,0,0,2,1.9982
1,1,1,0,0,1,2,1.9995
1,1,1,2,0,1,2,2.002
1,1,1,2,2,1,2,2.0084
1,1,1,2,2,1,2,2.0084
1,1,1,2,2,0,2,2.0078
1,1,1,2,2,1,2,2.0166
1,1,1,2,2,0,2,2.0159
1,1,1,2,2,0,2,2.016
1,1,1,2,0,0,2,2.0111
1,1,1,2,0,0,2,2.0101
1,1,1,2,0,0,2,2.0101
1,1,1,2,0,0,2,2.0112
1,1,1,2,0,0,2,2.0154
1,1,1,2,2,1,2,2.0266
1,1,1,2,2,1,2,2.0313
1,1,1,2,2,0,2,2.0286
1,1,1,2,2,1,2,2.0343
1,1,1,2,2,1,2,2.0343
1,1,1,2,2,0,2,2.0341
1,1,1,2,2,1,2,2.0363
1,1,1,2,2,1,2,2.0488
1,1,1,2,2,1,2,2.0532
1,1,1,2,2,0,2,2.0481
1,1,1,2,2,1,2,2.0555
1,1,1,2,2,1,2,2.0555
1,1,1,2,0,1,2,2.0556
1,1,1,2,2,1,2,2.0588
1,1,1,2,2,1,2,2.0608
1,1,1,2,0,0,2,2.0538
2,1,1,2,0,0,2,2.0491
2,2,1,0,1,2,2,2.0247
2,2,1,0,1,2,2,2.0247
2,2,1,0,1,2,2,2.0212
2,2,1,0,0,0,2,2.0307
2,2,1,0,0,0,2,2.0286
2,2,1,0,0,0,2,2.0297
2,2,1,0,0,0,2,2.0355
2,2,1,0,0,0,2,2.038
2,2,1,0,0,0,2,2.038
2,2,1,0,0,0,2,2.0406
2,2,1,0,0,0,2,2.032
2,2,1,0,0,0,2,2.0234
2,1,1,0,0,0,2,2.0359
2,1,1,0,1,0,2,2.0217
2,2,1,0,0,0,2,2.0235
2,2,1,0,0,0,2,2.0235
2,2,1,0,0,2,2,2.0211
2,2,1,1,1,2,2,2.0115
2,2,1,1,1,2,2,1.9955
2,2,1,1,1,2,2,1.9876
2,2,1,0,1,2,1,1.9839
2,2,1,0,1,2,1,1.981
2,2,1,0,1,2,1,1.981
2,2,1,1,1,2,1,1.9777
2,2,1,0,0,0,1,1.9869
2,2,1,1,0,0,1,1.9832
2,2,1,0,0,0,1,1.9939
2,2,1,0,0,0,1,2.0045
1,1,1,0,0,0,1,2.0142
1,1,1,0,0,0,1,2.0142
1,1,1,0,2,0,1,2.0175
1,1,1,0,0,0,1,2.0091
1,1,1,0,0,0,1,1.9981
1,1,1,0,0,0,1,2.0149
1,1,1,0,0,0,1,2.0152
1,1,1,0,0,0,2,2.0167
1,1,1,0,0,0,2,2.0167
1,1,1,0,0,0,2,2.0147
1,1,1,0,0,0,2,2.0169
1,1,1,0,0,0,2,2.0151
1,1,1,0,0,1,2,2.0198
1,1,1,2,2,1,2,2.0227
1,1,1,2,2,1,2,2.0276
1,1,1,2,2,1,2,2.0276
1,1,1,2,2,1,2,2.0284
1,1,1,2,0,0,2,2.027
1,1,1,2,2,1,2,2.0332
1,1,1,0,0,0,2,2.0267
1,1,1,0,0,0,2,2.0195
2,2,1,0,1,2,2,2.0088
2,2,1,0,1,2,2,2.0088
2,2,1,0,1,2,2,2.0061
2,2,1,0,1,2,2,1.9932
2,2,1,0,0,0,2,2.0117
2,2,1,0,1,0,2,2.0017
2,2,1,0,0,0,2,2.0101
2,2,1,0,0,0,2,2.0197
2,2,1,0,0,0,2,2.0197
1,2,1,0,0,0,2,2.0203
1,1,1,0,0,0,2,2.0202
1,1,1,0,0,0,2,2.0182
1,1,1,0,0,0,2,2.0151
1,1,1,0,2,1,2,2.0269
1,1,1,0,2,1,2,2.0467
1,1,1,0,2,1,2,2.0467
1,1,1,0,2,0,2,2.0451
1,1,1,0,2,0,2,2.044
1,1,1,0,0,0,2,2.0405
1,1,1,0,0,0,2,2.0324
1,1,1,0,0,0,2,2.0387
1,1,1,0,0,0,2,2.0422
1,1,1,0,0,0,2,2.0422
1,1,1,2,0,0,2,2.042
1,1,1,0,0,0,2,2.035
2,2,1,2,0,0,2,2.0388
2,2,1,0,0,0,2,2.039
2,2,1,0,1,0,2,2.0329
2,2,1,0,0,0,2,2.0362
2,2,1,0,0,0,2,2.0362
2,1,1,0,0,0,2,2.0342
2,1,1,0,0,0,2,2.0416
2,2,1,0,1,2,2,2.0314
2,2,1,0,0,0,2,2.0387
2,1,1,0,2,1,2,2.0448
1,1,1,0,2,1,2,2.0514
1,1,1,0,2,1,2,2.0514
1,1,1,0,2,0,2,2.0503
2,1,1,0,0,0,2,2.0331
1,1,1,0,0,0,2,2.0497
1,1,1,0,0,0,2,2.0488
1,1,1,0,0,0,2,2.0511
1,1,1,0,0,1,2,2.0526
1,1,1,0,0,1,2,2.0526
1,1,1,0,0,1,2,2.0534
1,1,1,0,2,1,2,2.0608
1,1,1,0,2,1,2,2.0679
1,1,1,2,2,1,2,2.0794
1,1,1,0,2,0,2,2.0778
1,1,1,2,2,1,2,2.0897
1,1,1,2,2,1,2,2.0897
1,1,1,2,2,0,2,2.0877
1,1,1,2,0,0,2,2.081
1,1,1,2,0,0,2,2.0871
1,1,1,2,2,1,2,2.0995
1,1,1,2,2,1,2,2.1077
1,1,1,0,0,0,2,2.0917
1,1,1,0,0,0,2,2.0917
1,1,1,2,0,0,2,2.0858
2,2,1,0,1,2,2,2.0541
2,2,1,0,0,0,2,2.0743
2,2,1,0,1,2,2,2.0526
2,2,1,0,1,2,2,2.0442
2,2,1,0,1,0,2,2.0527
2,2,1,0,0,0,2,2.0527
2,2,1,0,0,0,2,2.0539
2,2,1,0,0,0,2,2.0491
2,2,1,0,0,0,2,2.0657
2,2,1,0,0,0,2,2.0629
2,2,1,0,0,0,2,2.0615
2,1,1,0,0,0,2,2.0608
2,2,1,0,0,0,2,2.0608
2,1,1,0,0,0,2,2.0636
2,1,1,0,2,0,2,2.0688
1,1,1,0,0,0,2,2.0671
1,1,1,0,2,1,2,2.0783
1,1,1,0,0,0,2,2.0625
2,1,1,0,0,0,2,2.0558
2,2,1,0,0,0,2,2.0558
2,2,1,0,0,0,2,2.0577
2,1,1,0,0,0,2,2.0637
2,2,1,0,0,0,2,2.0583
2,2,1,0,1,2,2,2.0269
2,2,1,0,1,0,2,2.0282
2,2,1,0,1,0,1,2.0303
2,2,1,0,1,0,1,2.0303
2,2,1,0,0,0,1,2.0328
2,2,1,0,0,0,1,2.0443
2,2,1,0,0,0,1,2.0355
2,2,1,0,0,0,1,2.0446
2,2,1,0,0,0,1,2.0422
2,2,1,0,1,2,1,2.0135
2,2,1,0,1,2,1,2.0135
2,2,1,0,1,0,1,2.0162
2,2,1,0,0,0,1,2.0209
2,2,1,1,0,0,1,2.0166
2,2,1,1,1,2,1,1.9959
2,2,1,1,1,2,1,1.9836
2,2,2,1,1,2,1,1.9832
2,2,2,1,1,2,1,1.9832
2,2,2,1,1,0,1,1.9836
2,2,2,1,1,2,1,1.9773
2,2,2,1,0,2,1,1.9769
2,2,2,0,0,0,1,1.9837
2,2,2,0,0,0,1,1.9944
1,2,2,0,0,0,1,1.996
1,2,2,0,0,0,1,1.996
1,1,2,0,0,0,1,1.9979
1,1,2,0,0,0,1,1.9859
1,1,2,1,0,0,1,1.9872
1,2,2,1,0,0,1,1.9817
1,2,2,0,1,2,1,1.9736
1,2,2,0,1,0,1,1.9737
1,2,2,1,1,0,1,1.9737
1,2,2,1,1,2,1,1.9717
1,2,2,1,1,2,1,1.9666
1,2,2,0,0,0,1,1.9713
2,2,2,0,1,2,1,1.9573
2,2,2,0,1,0,1,1.9612
2,2,2,0,1,0,1,1.9576
2,2,2,0,1,0,1,1.9576
2,2,2,0,0,0,1,1.9588
2,2,2,0,1,2,1,1.954
1,2,2,0,0,0,1,1.9578
1,2,2,1,0,0,1,1.9624
1,2,2,0,0,0,1,1.9701
1,2,2,1,0,0,1,1.955
1,2,2,1,0,0,1,1.955
1,2,2,0,0,0,1,1.957
1,2,2,1,1,2,1,1.9403
1,1,2,0,0,0,1,1.9602
1,2,2,0,0,0,1,1.9567
1,1,2,0,2,1,1,1.9778
1,1,2,0,2,1,1,1.9839
1,1,2,0,2,1,1,1.9839
1,1,2,0,2,1,1,1.9865
1,1,2,0,2,0,2,1.9846
1,1,2,0,2,1,2,1.9891
1,1,2,0,0,0,2,1.9837
1,1,2,0,0,1,2,1.9902
1,1,2,0,0,0,2,1.9645
1,1,2,0,0,0,2,1.9645
1,1,2,0,0,0,2,1.965
1,2,2,0,0,0,2,1.9746
2,2,2,0,0,0,2,1.9644
2,2,2,0,0,0,2,1.9602
2,2,2,0,1,2,2,1.9422
2,2,2,0,1,0,2,1.9453
2,2,2,0,1,0,2,1.9453
2,2,2,0,0,0,2,1.9463
2,2,2,0,0,0,1,1.9493
2,2,2,0,0,0,1,1.9597
2,2,2,0,0,0,1,1.962
1,1,2,0,0,0,1,1.9694
1,2,2,0,0,0,1,1.9613
1,2,2,0,0,0,1,1.9613
1,2,2,0,0,0,1,1.9582
1,1,2,0,0,0,1,1.9502
2,1,2,0,0,0,1,1.9479
2,2,2,0,0,0,1,1.9423
1,1,2,0,0,0,1,1.9632
1,1,2,0,0,0,1,1.965
1,1,2,0,0,0,1,1.965
1,1,2,0,0,0,1,1.9687
1,2,2,0,0,0,1,1.9662
1,1,2,0,2,1,1,1.987
1,1,2,0,2,0,1,1.983
1,1,2,0,2,1,1,1.9893
1,1,2,0,2,0,1,1.9881
1,1,2,0,2,0,1,1.9881
1,1,2,0,0,0,1,1.9843
1,1,2,0,0,0,1,1.9836
1,1,2,0,0,0,1,1.985
1,1,2,0,0,1,1,1.9912
1,1,2,2,2,1,1,2.0114
1,1,2,2,2,1,2,2.0132
1,1,2,2,2,1,2,2.0132
1,1,2,2,2,1,2,2.0192
1,1,2,2,0,0,2,2.0081
1,1,2,2,0,0,2,2.0056
1,1,2,2,2,1,2,2.0267
1,1,2,2,2,1,2,2.0318
1,1,2,2,0,0,2,2.0194
1,1,2,0,0,0,2,2.0194
1,1,2,2,0,0,2,2.0185
2,2,2,0,0,0,2,1.9968
2,2,2,0,0,0,2,2.0088
2,2,2,0,1,2,2,1.9831
2,2,2,0,1,0,2,1.9843
2,2,2,0,1,2,2,1.9811
2,2,2,0,1,2,2,1.9811
2,2,2,0,1,2,2,1.9787
2,2,2,0,0,0,2,1.9875
2,2,2,0,0,0,2,2.0021
2,2,2,0,0,0,2,2.0072
2,2,2,0,0,0,2,2.0067
2,2,2,0,0,0,2,1.9942
2,2,2,0,0,0,2,1.9942
2,1,2,0,0,0,2,1.9933
2,2,2,0,0,0,2,1.9828
2,2,2,0,0,2,2,1.9784
2,1,2,0,0,0,2,1.9866
2,1,2,0,0,0,2,1.9937
2,1,2,0,0,0,2,1.9926
2,2,2,0,0,0,2,1.9926
2,2,2,0,0,0,2,1.993
2,2,2,0,0,0,2,1.9879
2,2,2,0,1,2,2,1.967
2,2,2,0,1,0,2,1.9734
2,2,2,0,1,0,2,1.9727
2,2,2,0,1,0,2,1.97
2,2,2,0,0,0,2,1.97
2,2,2,0,1,2,2,1.967
2,2,2,0,0,0,2,1.9728
2,2,2,1,1,2,2,1.9619
2,2,2,0,0,0,2,1.9715
1,2,2,0,0,0,2,1.9906
1,1,2,0,2,1,2,1.9971
1,1,2,0,2,1,2,1.9971
1,1,2,0,2,1,2,1.9983
1,1,2,0,0,0,2,1.9823
1,1,2,0,0,0,2,1.996
1,1,2,0,0,0,2,1.9789
1,1,2,0,0,0,2,1.9725
1,1,2,0,0,0,2,1.9836
1,1,2,0,0,0,2,1.9836
1,1,2,0,0,0,2,1.983
1,1,2,0,0,0,2,1.9911
2,2,2,0,1,0,2,1.9678
1,2,2,0,0,0,2,1.9866
2,2,2,0,0,0,2,1.9776
2,2,2,0,1,0,2,1.9705
2,2,2,0,1,0,2,1.9705
2,2,2,0,0,0,2,1.9737
2,1,2,0,0,0,2,1.9733
2,2,2,0,0,0,2,1.9712
2,2,2,0,1,2,2,1.9508
2,2,2,0,1,0,2,1.9553
2,2,2,0,1,0,1,1.9537
2,2,2,0,1,0,1,1.9537
2,2,2,0,1,0,1,1.9518
2,2,2,0,0,0,1,1.9531
2,2,2,0,1,2,1,1.9446
2,2,2,0,0,0,1,1.9462
2,2,2,0,0,0,1,1.9476
2,2,2,0,0,0,1,1.9576
1,2,2,0,0,0,1,1.9576
1,1,2,0,0,0,1,1.957
1,2,2,0,0,0,1,1.9483
1,1,2,0,2,0,1,1.9667
1,1,2,0,2,1,1,1.9708
1,1,2,0,2,1,1,1.9799
1,1,2,0,2,0,1,1.9793
1,1,2,0,2,0,1,1.9793
1,1,2,0,2,1,1,1.9806
1,1,2,0,0,1,1,1.9814
1,1,2,0,0,0,1,1.9749
1,1,2,0,0,0,1,1.9812
1,1,2,0,0,0,1,1.9746
1,1,2,0,0,0,1,1.9806
1,1,2,0,0,0,1,1.9806
1,1,2,0,0,0,1,1.974
1,2,2,0,1,0,1,1.9645
2,2,2,0,1,2,1,1.9619
2,2,2,0,1,2,1,1.9536
2,2,2,0,1,0,1,1.9588
2,2,2,0,0,0,1,1.9698
2,2,2,0,0,0,1,1.9698
2,2,2,0,0,0,1,1.9705
2,2,2,0,0,0,1,1.9734
2,2,2,0,1,2,1,1.953
2,2,2,0,0,0,1,1.9634
2,2,2,0,1,2,1,1.9466
2,2,2,0,1,2,1,1.9462
2,2,2,0,1,2,1,1.9462
2,2,2,0,0,0,1,1.9486
2,1,2,0,0,0,1,1.9629
2,2,2,0,0,0,1,1.9573
2,2,2,0,0,0,1,1.9593
1,1,2,0,0,0,1,1.9722
1,1,2,0,2,1,1,1.9756
1,1,2,0,0,1,1,1.9756
1,1,2,0,0,0,1,1.9748
1,1,2,0,0,0,1,1.9644
1,1,2,0,0,0,1,1.9706
1,1,2,0,0,0,1,1.9737
1,1,2,0,2,1,1,1.9873
1,1,2,0,2,1,1,1.9939
1,1,2,0,2,1,1,1.9939
1,1,2,0,2,1,1,1.9941
1,1,2,0,2,0,2,1.9927
1,1,2,0,0,1,2,1.9942
1,1,2,2,0,0,2,1.9934
1,1,2,0,0,0,2,1.983
1,1,1,0,0,0,2,1.9825
2,1,1,0,0,0,2,1.9825
2,1,1,0,0,0,2,1.9822
2,2,1,0,0,0,2,1.9761
2,2,1,0,1,2,2,1.9696
2,2,1,0,0,0,2,1.9809
2,2,1,0,0,0,2,1.9771
2,2,1,0,0,0,2,1.9887
2,2,1,0,0,0,2,1.9887
2,2,1,0,0,0,2,1.9852
1,1,1,0,2,1,2,1.995
1,1,1,0,2,1,2,2.0053
1,1,1,0,2,0,2,1.9991
1,1,1,0,0,0,2,1.9973
1,1,1,0,0,0,2,1.9983
1,1,1,0,0,0,2,1.9983
1,1,1,0,0,0,2,1.9942
1,1,1,0,0,0,2,2.0014
2,1,1,0,0,0,2,1.9912
2,1,1,0,0,0,2,1.9972
2,1,1,0,0,0,2,1.9856
2,2,1,0,0,0,2,1.9892
2,2,1,0,0,0,2,1.9892
2,2,1,0,0,0,2,1.9876
2,2,1,0,0,0,2,1.9947
2,2,1,0,1,2,2,1.98
2,2,1,0,1,0,2,1.9807
2,2,1,0,0,0,2,1.9826
2,2,1,0,1,2,2,1.975
2,2,1,0,1,2,2,1.975
2,2,1,0,1,2,2,1.9749
2,2,1,1,1,2,2,1.961
2,2,1,1,1,2,1,1.9553
2,2,1,1,1,2,1,1.9477
2,2,1,1,1,2,1,1.9433
2,2,2,1,1,2,1,1.9194
2,2,2,1,1,2,1,1.9194
2,2,2,1,1,2,1,1.9138
2,2,2,1,1,2,1,1.912
2,2,2,1,1,2,1,1.8952
2,2,2,1,1,2,1,1.8666
2,2,2,1,1,2,1,1.8662
2,2,2,1,1,2,1,1.8632
2,2,2,1,1,2,1,1.8632
2,2,2,1,0,0,1,1.8649
2,2,2,1,0,0,1,1.8647
2,2,2,1,0,0,1,1.8677
2,2,2,1,0,2,1,1.8628
2,2,2,1,0,0,1,1.8765
2,2,2,1,0,2,1,1.8508
2,2,2,1,0,2,1,1.8508
2,2,2,1,0,2,1,1.8506
2,2,2,1,1,2,1,1.8486
2,2,2,1,1,2,1,1.8391
2,2,2,1,1,2,1,1.8368
2,2,2,1,1,2,1,1.829
2,2,2,1,1,2,1,1.8211
2,2,2,1,1,2,1,1.8211
2,2,2,1,1,2,1,1.8117
2,2,2,1,1,2,1,1.7916
2,2,2,1,1,2,1,1.7798
2,2,2,1,1,2,1,1.7749
2,2,2,1,1,2,1,1.7596
2,2,2,1,1,0,1,1.7657
2,2,2,1,0,0,1,1.7657
2,2,2,1,0,0,1,1.7819
2,2,2,1,0,2,1,1.7593
2,2,2,1,0,2,1,1.7584
2,2,2,1,0,2,1,1.7499
1,2,2,1,0,0,1,1.7557
1,1,2,0,0,0,1,1.7935
1,1,2,0,0,0,1,1.7935
1,1,2,0,0,0,1,1.7981
1,1,2,0,0,0,1,1.7943
1,1,2,0,0,0,1,1.786
1,1,2,0,2,1,1,1.8138
1,1,2,0,2,1,1,1.8139
1,1,2,0,2,1,1,1.8313
1,1,2,0,2,1,1,1.8313
1,1,2,0,2,1,1,1.8323
1,1,2,0,2,1,1,1.8561
1,1,2,2,2,1,1,1.857
1,1,2,2,2,0,2,1.8518
1,1,2,0,0,0,2,1.8422
1,1,2,0,0,0,2,1.8426
1,1,2,0,0,0,2,1.8426
1,1,2,2,0,0,2,1.8304
1,2,2,0,1,0,2,1.8013
2,2,2,0,1,2,2,1.7829
2,2,2,0,1,2,2,1.7674
2,2,2,0,1,2,2,1.7631
2,2,2,0,1,0,1,1.7715
2,2,2,0,0,0,1,1.7715
2,2,2,0,0,0,1,1.7661
2,2,2,0,1,2,1,1.7422
2,2,2,0,0,0,1,1.7461
2,2,2,1,1,2,1,1.7221
2,2,2,1,1,2,1,1.7025
2,2,2,1,1,0,1,1.706
2,2,2,1,1,0,1,1.706
2,2,2,1,0,0,1,1.7134
2,2,2,1,0,0,1,1.7445
2,2,2,1,0,0,1,1.7398
2,2,2,1,0,0,1,1.7192
1,2,2,1,0,0,1,1.7334
1,2,2,1,0,0,1,1.7285
1,2,2,1,0,0,1,1.7285
1,1,2,0,0,0,1,1.7322
1,1,2,0,0,0,1,1.7162
2,2,2,1,1,2,1,1.6524
2,2,2,1,1,2,1,1.6201
2,2,2,1,1,2,1,1.6176
2,2,2,1,1,2,1,1.5921
2,2,2,1,1,2,1,1.5921
2,2,2,1,1,2,1,1.5848
2,2,2,1,1,2,1,1.5531
2,2,2,0,0,0,1,1.6086
2,2,2,0,0,0,1,1.6364
2,2,2,0,0,0,1,1.6361
1,2,2,0,0,0,1,1.6064
1,2,2,0,0,0,1,1.6064
1,2,2,0,0,0,1,1.611
1,2,2,1,0,0,1,1.5764
1,1,2,0,0,0,1,1.5932
1,2,2,1,0,0,1,1.584
1,2,2,1,1,0,1,1.5575
1,1,2,1,1,0,1,1.5636
1,2,2,1,0,0,1,1.5636
1,2,2,0,0,0,1,1.5775
1,2,2,0,0,0,1,1.5631
1,2,2,0,1,2,1,1.5378
2,2,2,0,1,2,1,1.4884
2,2,2,0,1,0,1,1.4901
2,2,2,0,1,2,1,1.4745
2,2,2,0,1,2,1,1.4745
2,2,2,0,1,2,1,1.4659
2,2,2,0,0,0,1,1.4991
2,2,2,1,0,0,1,1.4956
1,2,2,1,0,0,1,1.4971
1,2,2,1,0,0,1,1.4731
1,2,2,0,0,0,1,1.4931
1,2,2,0,0,0,1,1.4931
1,1,2,0,0,0,1,1.4925
1,1,2,0,0,0,1,1.5141
1,1,2,0,2,1,1,1.542
1,1,2,0,2,0,1,1.5329
1,1,2,0,2,0,1,1.5394
1,1,2,0,2,0,1,1.5378
1,1,2,0,0,0,1,1.5378
1,1,2,0,0,0,1,1.5342
1,1,2,0,0,0,1,1.4858
1,2,2,0,0,0,1,1.4897
1,2,2,0,0,0,1,1.4776
1,2,2,0,1,2,1,1.4676
2,2,2,0,1,0,1,1.4686
2,2,2,0,0,0,1,1.4686
2,2,2,0,0,0,1,1.4702
1,2,2,0,0,0,1,1.487
1,2,2,0,0,0,1,1.4753
1,2,2,0,0,0,1,1.4794
1,2,2,0,0,0,1,1.5024
1,1,2,0,0,0,1,1.4934
1,1,2,0,0,0,1,1.4934
1,1,2,0,0,0,1,1.4985
1,1,2,0,2,1,1,1.5293
1,1,2,0,2,1,1,1.5579
1,1,2,0,2,0,2,1.5502
1,1,2,0,0,0,2,1.5051
1,1,2,0,0,0,2,1.4924
1,1,2,0,0,0,2,1.4924
1,1,2,0,0,0,2,1.4967
1,2,2,0,0,0,2,1.4818
2,2,2,0,1,2,2,1.4738
2,2,2,0,1,2,2,1.4727
2,2,2,0,0,0,2,1.4744
2,2,2,0,1,2,2,1.4568
2,2,2,0,1,2,2,1.4568
2,2,2,0,0,0,1,1.4656
2,2,2,0,1,2,1,1.4455
2,2,2,0,1,0,1,1.446
2,2,2,0,0,0,1,1.4639
2,2,2,0,0,0,1,1.4729
2,2,2,0,0,0,1,1.4546
2,2,2,0,0,0,1,1.4546
2,2,2,0,0,0,1,1.4523
1,2,2,1,0,0,1,1.4712
1,1,2,0,2,1,1,1.4908
1,1,2,0,2,1,1,1.507
1,1,2,0,2,1,1,1.522
1,1,2,0,2,0,1,1.5162
1,1,2,0,2,0,1,1.5162
1,1,2,0,0,0,1,1.5078
1,1,2,0,0,0,1,1.4815
1,2,2,0,0,0,1,1.4513
2,1,2,0,0,0,1,1.4616
2,1,2,0,0,0,1,1.4667
2,1,2,0,0,0,1,1.4734
2,2,2,0,0,0,1,1.4734
2,2,2,0,0,0,1,1.4873
2,2,2,0,1,2,1,1.4423
2,2,2,0,1,2,1,1.387
2,2,2,0,1,0,1,1.3874
2,2,2,0,1,0,1,1.3877
2,2,2,0,1,2,1,1.379
2,2,2,0,1,2,1,1.379
2,2,2,0,1,2,1,1.3612
2,2,2,0,0,0,1,1.3965
2,2,2,0,0,0,1,1.4183
2,2,2,0,0,0,1,1.4227
1,2,2,0,0,0,1,1.4277
1,1,2,0,0,0,1,1.4555
1,1,2,0,0,0,1,1.4555
1,1,2,0,0,0,1,1.4384
1,1,2,0,0,0,1,1.4203
1,1,2,0,0,0,1,1.4429
1,1,2,0,0,0,1,1.4453
1,1,2,0,2,1,1,1.4626
1,1,2,0,2,1,1,1.4784
1,1,2,0,2,1,1,1.4784
1,1,2,0,2,1,1,1.4815
1,1,2,2,2,1,2,1.4851
1,1,2,0,0,0,2,1.4555
1,2,2,0,0,0,2,1.4352
1,2,2,0,0,0,2,1.4286
2,1,2,0,0,0,2,1.435
2,2,2,0,0,0,2,1.435
2,2,2,0,0,0,2,1.4233
2,2,2,0,0,0,2,1.4293
2,2,2,0,0,0,2,1.4235
2,2,2,0,0,0,2,1.4247
2,2,2,0,0,0,1,1.4262
2,2,2,0,0,0,1,1.4427
2,2,2,0,0,0,1,1.4427
2,1,2,0,0,0,1,1.4371
1,1,2,0,0,0,1,1.4452
1,1,2,0,2,0,1,1.4523
1,2,2,0,1,2,1,1.4212
2,1,2,0,0,0,1,1.4292
2,1,2,0,0,0,1,1.431
2,1,2,0,0,0,1,1.431
2,2,2,0,0,0,1,1.422
2,2,2,0,1,2,1,1.4032
2,2,2,0,1,2,1,1.4024
2,2,2,0,0,0,1,1.4172
2,2,2,0,0,0,1,1.4126
2,2,2,0,0,0,1,1.4078
2,2,2,0,0,0,1,1.4078
2,2,2,0,0,0,1,1.4161
2,2,2,0,1,2,1,1.3789
2,2,2,0,1,2,1,1.3788
2,2,2,0,1,0,1,1.3836
2,2,2,0,0,0,1,1.3921
2,2,2,0,0,0,1,1.4009
2,2,2,0,0,0,1,1.4009
2,2,2,0,0,0,1,1.3957
1,2,2,0,0,0,1,1.4074
1,2,2,0,0,0,1,1.4058
1,1,2,0,2,1,1,1.428
1,1,2,0,2,1,1,1.4494
1,1,2,0,2,0,1,1.4458
1,1,2,0,2,0,1,1.4458
1,1,2,0,2,0,1,1.4475
1,1,2,0,2,1,1,1.4566
1,1,2,0,2,1,1,1.4701
1,1,2,0,0,0,1,1.455
1,1,2,0,0,0,1,1.4461
1,1,2,0,0,0,1,1.4317
1,1,2,0,0,0,1,1.4317
1,2,2,0,0,0,1,1.4275
2,2,2,0,0,0,1,1.4256
2,2,2,0,0,0,1,1.4358
2,1,2,0,0,0,1,1.4465
1,1,2,0,2,1,1,1.474
1,1,2,2,2,1,1,1.484
1,1,2,2,2,1,1,1.484
1,1,2,2,2,1,1,1.4884
1,1,2,0,0,0,1,1.4651
1,1,2,0,0,0,1,1.4731
1,1,2,0,0,0,1,1.4681
1,1,2,0,0,0,1,1.4631
1,1,2,0,0,0,1,1.4669
2,1,2,0,0,0,1,1.4669
2,1,2,0,0,0,1,1.461
2,1,2,0,2,0,1,1.4861
1,1,2,0,2,1,1,1.4904
1,1,2,0,2,1,1,1.4996
1,1,2,0,0,0,1,1.4926
1,1,2,0,0,0,1,1.4792
2,1,2,0,0,0,1,1.4792
2,1,2,0,0,0,1,1.4768
2,2,2,0,1,2,1,1.4481
2,2,2,0,0,0,1,1.4665
2,2,2,0,1,0,1,1.4495
2,1,2,0,0,0,1,1.4675
2,2,2,0,0,0,1,1.4675
2,2,2,0,0,0,1,1.4675
2,2,2,0,0,0,1,1.4643
2,2,2,0,0,0,1,1.4619
2,2,2,0,0,0,1,1.4638
2,2,2,0,0,0,1,1.477
2,1,2,0,0,0,1,1.4803
1,1,2,0,2,1,1,1.4919
1,1,2,0,2,1,1,1.4919
1,1,2,0,2,1,1,1.4932
1,1,2,0,2,1,1,1.503
1,1,2,0,2,1,2,1.5048
1,1,2,0,2,1,2,1.513
1,1,1,0,0,0,2,1.5022
1,1,1,0,2,1,2,1.5225
1,1,1,0,2,1,2,1.5225
1,1,1,2,2,0,2,1.5213
1,1,1,0,0,0,2,1.5118
1,1,1,2,2,1,2,1.529
1,1,1,0,0,0,2,1.5103
1,1,1,0,0,0,2,1.5227
1,1,1,0,0,0,2,1.5175
2,1,1,0,0,0,2,1.5175
2,1,1,0,0,0,2,1.515
1,1,1,2,2,1,2,1.5325
1,1,1,2,2,1,2,1.5492
1,1,1,2,2,1,2,1.5746
1,1,1,2,2,1,2,1.5894
1,1,1,2,2,1,2,1.5907
1,1,1,2,2,1,2,1.5907
1,1,1,2,2,1,2,1.5911
1,1,1,2,0,0,2,1.5908
1,1,1,2,0,1,2,1.596
1,1,1,2,0,0,2,1.5954
1,1,1,2,0,0,2,1.5948
1,1,1,2,2,1,2,1.6184
1,1,1,2,2,1,2,1.6184
1,1,1,2,2,0,2,1.6175
1,1,1,2,2,1,2,1.646
1,1,1,2,2,1,2,1.6555
1,1,1,2,0,0,2,1.6297
1,1,1,2,0,0,2,1.6113
2,1,1,0,0,0,2,1.5973
2,1,1,2,0,0,2,1.5973
2,1,1,0,0,0,2,1.597
2,1,1,0,0,0,2,1.6087
2,1,1,0,0,0,2,1.6309
2,1,1,0,0,0,2,1.6359
2,1,1,0,2,1,2,1.6595
2,2,1,0,0,0,2,1.6447
2,2,1,0,0,0,2,1.6447
2,1,1,0,0,0,2,1.6413
2,1,1,0,0,0,2,1.627
2,1,1,0,0,0,2,1.636
2,1,1,0,0,0,2,1.6426
2,1,1,0,0,0,2,1.6355
2,1,1,0,0,0,2,1.6495
2,1,1,0,0,0,2,1.6495
2,1,1,0,0,0,2,1.648
2,2,1,0,0,0,2,1.6314
2,2,1,0,0,0,2,1.6439
2,2,1,0,0,0,2,1.6434
2,1,1,0,0,0,2,1.6414
2,1,1,0,2,1,2,1.6516
2,1,1,0,2,1,2,1.6516
2,1,1,0,0,0,2,1.6513
2,1,1,0,2,1,2,1.6571
2,2,1,0,0,0,2,1.6476
2,1,1,0,0,0,2,1.6495
2,2,1,0,1,0,2,1.6347
2,1,1,0,1,0,2,1.6338
2,2,1,0,1,0,2,1.6338
2,2,1,0,1,2,2,1.6306
2,2,1,0,1,2,2,1.6293
2,2,1,0,1,2,2,1.6079
2,2,1,0,1,2,2,1.6038
2,2,1,0,0,0,2,1.6329
2,2,1,0,0,0,2,1.6211
2,2,1,0,0,0,2,1.6211
2,2,1,0,0,0,2,1.6196
2,2,1,0,0,0,2,1.6271
2,2,1,0,0,0,2,1.6336
2,1,1,0,2,0,2,1.6424
1,1,1,0,2,0,2,1.6409
1,1,1,0,0,0,2,1.633
1,1,1,0,0,0,2,1.633
1,1,1,0,0,0,2,1.6374
1,1,1,0,2,1,2,1.6521
1,1,1,0,0,0,2,1.6415
1,1,1,0,0,0,2,1.6447
1,1,1,0,2,0,2,1.6509
1,1,1,0,0,0,2,1.6425
1,1,1,0,0,0,2,1.6425
1,2,1,0,0,0,2,1.6407
1,1,1,0,0,0,2,1.6482
1,1,1,0,0,0,2,1.6407
2,1,1,0,1,0,2,1.6349
1,1,1,0,2,0,2,1.6505
1,1,1,0,2,1,2,1.6706
1,1,1,0,2,1,2,1.6706
1,1,1,0,2,1,2,1.6757
1,1,1,2,2,1,2,1.6934
1,1,1,0,2,1,2,1.695
1,1,1,2,2,1,2,1.6992
1,1,1,0,0,0,2,1.6807
1,1,1,0,0,0,2,1.6684
1,1,1,0,0,0,2,1.6684
2,1,1,0,0,0,2,1.6681
2,2,1,0,0,0,2,1.6475
2,2,1,0,0,0,2,1.6488
2,2,1,0,0,0,2,1.6506
2,2,1,0,0,0,2,1.6565
2,2,1,0,0,0,2,1.6535
2,2,1,0,0,0,2,1.6535
2,2,1,0,0,2,2,1.6465
2,2,1,0,1,2,2,1.6352
2,2,1,0,0,0,2,1.6587
2,2,1,0,0,0,2,1.6556
2,2,1,0,0,0,2,1.6504
2,1,1,0,0,0,2,1.6493
2,1,1,0,0,0,2,1.6493
2,1,1,0,0,0,2,1.6512
2,2,1,1,1,0,2,1.6405
2,2,1,1,1,2,2,1.6313
2,2,1,1,1,2,2,1.6227
2,2,1,0,1,0,2,1.6288
2,2,1,0,1,0,2,1.6265
2,2,1,0,0,0,2,1.6265
2,2,1,0,0,0,2,1.6266
2,2,1,0,0,0,2,1.6284
2,2,1,0,1,2,2,1.6125
2,2,1,0,0,0,2,1.628
2,2,1,0,0,0,2,1.6324
1,2,1,0,0,0,2,1.6386
1,1,1,0,0,0,2,1.6386
1,1,1,0,0,0,2,1.6415
1,1,1,0,0,0,2,1.6336
1,1,1,0,2,1,2,1.6515
1,1,1,0,2,1,2,1.6534
1,1,1,0,2,1,2,1.6653
1,1,1,0,2,1,2,1.6654
1,1,1,0,2,1,2,1.6654
1,1,1,0,2,0,2,1.6652
1,1,1,0,0,0,2,1.6606
1,1,1,0,0,0,2,1.6488
1,1,1,0,0,0,2,1.6477
1,1,1,0,0,0,2,1.6434
2,2,1,0,1,2,2,1.6268
2,2,1,0,1,2,2,1.6268
2,2,1,0,1,2,2,1.6251
2,2,1,0,1,2,1,1.6217
2,2,1,0,0,0,1,1.6381
2,2,1,0,0,0,1,1.6356
2,2,1,0,1,2,1,1.5946
2,2,1,0,1,0,1,1.595
2,2,1,0,1,0,1,1.595
2,2,1,0,1,2,1,1.5859
2,2,1,1,1,0,1,1.5886
2,2,1,1,0,0,1,1.5969
2,2,1,1,0,0,1,1.6
2,2,1,1,0,0,1,1.5894
2,2,1,1,0,0,1,1.594
2,2,1,1,0,0,1,1.594
2,2,1,1,0,0,1,1.593
2,1,1,1,0,0,1,1.5946
2,2,1,1,0,0,1,1.5921
1,1,1,0,0,0,1,1.5962
1,1,1,0,2,1,1,1.6052
1,2,1,0,1,2,1,1.5841
1,2,1,0,1,2,1,1.5841
1,2,1,0,1,0,1,1.5846
1,2,1,1,1,2,1,1.5813
1,2,2,0,0,0,1,1.5932
1,1,2,0,2,0,1,1.6004
1,1,2,0,2,1,1,1.6337
1,1,1,0,2,1,1,1.6357
1,1,1,0,2,1,1,1.6357
1,1,1,0,2,0,1,1.6352
1,1,1,0,2,1,1,1.6408
1,1,1,0,0,0,2,1.6379
1,1,1,2,2,1,2,1.6619
1,1,1,2,2,1,2,1.6628
1,1,1,0,0,0,2,1.6306
1,1,1,0,0,0,2,1.6306
1,1,1,0,0,0,2,1.6267
1,2,1,0,0,0,2,1.6294
1,1,1,0,0,0,2,1.6393
1,1,1,0,0,0,2,1.6374
1,1,1,2,2,0,2,1.6561
1,1,1,0,0,0,2,1.6449
1,1,1,0,0,0,2,1.6449
1,2,1,0,0,0,2,1.6413
2,2,1,0,0,0,2,1.6393
2,1,1,0,0,0,2,1.6421
1,1,1,0,0,0,2,1.6556
1,1,1,0,2,0,2,1.6572
1,1,1,0,2,1,2,1.6614
1,1,1,0,2,1,2,1.6614
1,1,1,0,2,1,2,1.6628
1,1,1,0,2,1,2,1.6777
1,1,1,0,2,0,2,1.6741
1,1,1,0,0,0,2,1.6581
1,1,1,0,0,0,2,1.6585
1,1,1,0,0,0,2,1.666
2,1,1,0,0,0,2,1.666
1,1,1,0,0,0,2,1.6725
1,1,1,0,2,1,2,1.6837
1,1,1,0,2,0,2,1.6819
1,1,1,0,0,0,2,1.6739
2,1,1,0,0,0,2,1.6651
2,2,1,0,1,2,2,1.6503
2,2,1,0,1,2,2,1.6503
2,2,1,0,1,2,2,1.65
2,1,1,0,0,0,2,1.6603
2,2,1,0,0,0,2,1.658
2,1,1,0,0,0,2,1.6704
2,2,1,0,1,2,2,1.6435
2,2,1,0,0,0,2,1.6494
2,2,1,0,0,0,2,1.6494
2,2,1,0,0,0,2,1.6501
2,2,1,0,0,0,2,1.6454
2,1,1,0,0,0,2,1.6622
2,1,1,0,0,0,2,1.666
2,1,1,0,0,0,2,1.6555
2,2,1,0,0,0,2,1.6469
2,2,1,0,0,0,2,1.6469
2,2,1,0,0,0,2,1.647
2,1,1,0,0,0,2,1.6462
2,2,1,0,1,2,2,1.6241
2,2,1,0,1,0,2,1.628
2,2,1,0,1,0,2,1.6275
2,2,1,0,1,0,2,1.6258
2,2,1,0,1,0,2,1.6258
2,2,1,0,0,2,2,1.6226
2,2,1,0,0,0,2,1.6311
2,2,1,0,0,0,2,1.6266
2,2,1,0,0,0,2,1.6325
2,2,2,0,1,2,2,1.616
2,2,2,0,1,2,2,1.6138
2,2,2,0,1,2,2,1.6138
2,2,2,0,1,2,2,1.6127
2,2,2,1,1,2,2,1.6054
2,2,2,1,1,2,2,1.5969
2,2,2,1,1,2,2,1.5963
2,2,2,1,1,0,2,1.5966
2,2,2,1,1,2,2,1.5962
2,2,2,1,0,2,2,1.5962
2,2,2,1,0,2,2,1.5947
2,2,2,0,0,0,1,1.5998
2,2,2,1,0,2,1,1.5901
1,2,2,0,0,0,1,1.6074
1,1,2,0,2,1,1,1.6167
1,1,2,0,2,0,1,1.6167
1,1,2,0,2,0,1,1.6167
1,1,2,0,0,0,1,1.6138
1,1,2,0,0,0,1,1.6113
1,1,2,0,0,0,1,1.5989
1,1,2,0,0,0,1,1.602
1,2,2,0,0,0,1,1.5932
1,1,2,0,0,0,1,1.6016
1,1,2,0,0,0,1,1.6016
1,1,2,0,0,0,1,1.6087
1,2,2,0,0,0,1,1.611
1,2,2,0,0,0,1,1.615
1,1,2,0,2,1,1,1.6282
1,1,2,0,2,1,1,1.6333
1,1,2,0,2,0,1,1.626
1,1,2,0,0,0,1,1.626
1,1,2,0,0,0,1,1.6287
1,1,2,0,2,1,1,1.635
1,1,2,0,0,1,2,1.6358
1,1,2,0,0,0,2,1.63
1,1,2,0,0,0,2,1.6198
1,2,2,0,0,0,2,1.6103
2,2,2,0,0,0,2,1.6103
2,2,2,0,0,0,2,1.6115
2,2,2,0,0,0,2,1.6245
2,2,2,0,0,0,2,1.6142
2,2,2,0,0,0,2,1.6176
2,2,2,0,0,0,2,1.6141
2,2,2,0,1,2,2,1.5984
2,2,2,0,1,2,2,1.5984
2,2,2,0,1,2,1,1.5971
2,2,2,0,1,2,1,1.5944
2,2,2,0,0,0,1,1.5989
2,2,2,0,1,2,1,1.5914
2,2,2,1,1,2,1,1.5766
2,2,2,1,1,2,1,1.5639
2,2,2,1,1,2,1,1.5639
2,2,2,1,1,2,1,1.5599
2,2,2,1,1,2,1,1.5573
2,2,2,1,0,0,1,1.5693
2,2,2,1,0,0,1,1.5607
2,2,2,0,0,0,1,1.5699
2,2,2,0,0,0,1,1.5693
2,2,2,0,0,0,1,1.5693
2,2,2,1,0,0,1,1.5664
1,2,2,1,0,0,1,1.5664
1,1,2,0,0,0,1,1.5784
1,1,2,0,0,0,1,1.5678
2,2,2,1,1,2,1,1.5427
2,2,2,0,1,0,1,1.5475
2,2,2,0,1,0,1,1.5475
2,2,2,0,1,0,1,1.5469
2,2,2,0,0,0,1,1.55
2,2,2,0,0,0,1,1.5442
2,2,2,0,0,2,1,1.5413
2,2,2,0,1,2,1,1.5238
2,2,2,0,1,2,1,1.5236
2,2,2,0,1,2,1,1.5236
2,2,2,0,1,2,1,1.5179
2,2,2,1,1,2,1,1.4971
2,2,2,1,1,0,1,1.5022
2,2,2,1,0,0,1,1.51
2,2,2,1,1,0,1,1.503
2,2,2,0,0,0,1,1.5137
2,2,2,0,0,0,1,1.5137
1,2,2,0,0,0,1,1.5142
1,2,2,1,0,0,1,1.5042
1,2,2,1,0,0,1,1.5012
1,2,2,1,1,2,1,1.4964
1,2,2,0,0,0,1,1.5065
1,1,2,0,0,0,1,1.5194
1,1,2,0,0,0,1,1.5194
1,1,2,0,0,1,1,1.5195
1,1,2,0,0,0,1,1.5048
1,1,2,0,2,1,1,1.5234
1,1,2,0,2,1,1,1.5313
1,1,2,0,0,0,1,1.525
1,2,2,0,0,0,1,1.5012
1,2,2,0,0,0,1,1.5012
1,1,2,0,0,0,1,1.4992
1,1,2,0,0,0,1,1.511
1,2,2,0,0,0,1,1.502
2,2,2,0,1,2,1,1.4896
2,2,2,0,1,2,1,1.4847
2,2,2,0,0,0,1,1.4899
2,2,2,0,0,0,1,1.4899
2,2,2,0,0,0,1,1.4912
1,2,2,0,0,0,1,1.4989
1,1,2,0,0,0,1,1.5085
1,1,2,0,2,0,1,1.5194
1,1,2,0,2,1,1,1.5293
1,1,2,0,2,0,1,1.5198
1,1,2,0,0,0,1,1.5198
1,1,2,0,2,0,1,1.5255
1,1,2,0,2,0,1,1.5282
1,1,2,0,0,0,2,1.5235
1,1,2,0,0,0,2,1.5221
1,1,2,0,0,1,2,1.5296
1,1,2,0,2,1,2,1.5365
1,1,2,0,2,1,2,1.5365
1,1,2,0,2,1,2,1.5434
1,1,2,0,0,0,2,1.5367
1,1,2,2,0,0,2,1.5378
1,1,2,2,2,1,2,1.5474
1,1,2,2,2,0,2,1.5459
1,1,2,2,0,0,2,1.5359
1,1,2,0,0,0,2,1.5359
2,1,2,0,0,0,2,1.5285
2,1,2,0,0,0,2,1.5331
2,2,2,0,0,0,2,1.5363
2,1,2,0,0,0,2,1.5413
2,2,2,0,0,0,2,1.5341
2,1,2,0,0,0,2,1.5375
2,2,2,0,0,0,2,1.5375
2,2,2,0,0,0,2,1.5387
2,1,2,0,2,1,2,1.5475
2,2,2,0,1,2,2,1.5259
2,2,2,0,1,2,2,1.5192
2,1,2,0,0,0,2,1.5342
2,2,2,0,0,0,2,1.5271
2,2,2,0,0,0,2,1.5271
2,2,2,0,0,0,2,1.5299
2,2,2,0,0,0,2,1.5243
2,2,2,0,1,2,2,1.5135
2,2,2,0,1,2,2,1.5097
2,2,2,0,1,2,2,1.4899
2,2,2,0,1,2,2,1.48
2,2,2,0,1,2,2,1.48
2,2,2,0,1,0,2,1.4807
2,2,2,0,0,0,2,1.4834
